62 70
69 68
72 72
73 70
73 66
70 74
74 74
78 65
80 72
82 68
82 72
69 75
83 71
85 76
90 78
77 74
82 77
83 66
84 75
96 69
8 2
9 0
10 1
11 3
12 3
12 4
13 4
13 4
13 6
13 6
13 7
13 8
14 8
14 9
13 11
13 12
13 13
13 13
14 13
12 9
13 14
13 4
13 14
13 8
14 2
14 1
13 3
12 1
12 16
14 0
13 0
12 15
12 11
12 8
12 7
12 6
12 0
11 5
11 16
11 11
10 15
10 13
11 9
11 9
11 7
11 7
11 5
11 4
11 0
10 14
10 2
10 3
10 8
10 8
9 7
10 6
10 4
9 14
10 0
9 14
8 13
9 5
8 3
9 1
9 0
8 15
7 14
8 14
8 12
8 3
8 11
8 9
8 1
8 0
7 14
7 12
7 11
6 10
7 2
7 1
7 9
7 0
6 15
6 14
6 13
6 9
6 9
6 0
6 0
8 2
8 2
8 2
8 2
8 2
8 2
8 2
8 2
8 2
12 14
12 14
12 14
12 14
12 14
12 14
12 13
12 14
12 14
12 14
12 13
12 14
12 13
12 14
12 14
12 14
12 13
12 14
12 12
12 14
8 2
9 1
9 3
10 3
11 5
11 7
12 8
12 9
12 9
13 10
13 11
14 11
14 13
14 13
14 8
14 6
13 15
14 4
14 2
13 2
14 1
13 11
13 13
13 0
13 7
13 5
13 14
13 4
12 9
11 2
11 10
12 12
10 7
12 6
11 5
12 3
12 0
11 9
12 16
12 15
11 1
11 16
11 14
10 8
11 0
10 10
10 15
10 14
10 11
10 7
10 5
10 2
9 14
10 1
10 0
9 14
8 3
9 12
9 11
9 9
9 8
9 6
9 5
9 1
9 0
7 3
8 4
8 5
8 16
8 7
8 15
8 11
8 10
8 9
7 1
6 4
7 5
6 1
8 0
7 6
7 8
7 8
7 16
6 14
6 13
7 0
6 13
5 1
6 4
6 0
5 16
5 13
5 5
5 2
8 2
9 2
9 2
10 4
10 5
11 5
12 5
12 6
12 8
12 10
12 11
13 13
13 14
14 12
14 10
13 14
14 14
13 10
14 9
14 8
13 6
13 4
13 16
14 3
14 2
13 8
13 3
13 1
14 0
13 0
13 3
12 3
12 11
12 2
11 1
12 0
11 4
12 16
12 15
11 6
11 6
11 8
10 9
10 0
9 10
11 11
11 4
11 16
11 14
11 3
10 10
10 9
10 8
10 6
10 16
9 15
10 14
9 8
10 1
8 13
9 7
9 6
9 0
9 5
8 14
8 14
8 11
7 2
7 13
7 4
8 10
7 9
8 8
8 7
8 6
8 1
7 0
7 15
7 15
7 13
7 1
8 2
8 2
9 2
9 4
9 5
9 6
9 8
9 5
10 3
11 2
11 5
12 5
13 6
13 7
13 8
13 8
13 3
13 2
13 10
14 10
13 11
9 0
14 10
13 11
13 12
14 13
14 14
14 6
13 16
13 15
13 14
13 2
14 1
13 1
14 0
13 0
12 16
11 2
12 1
12 15
11 15
12 0
11 1
10 14
11 12
11 0
10 14
10 2
10 1
10 0
9 0
8 2
7 3
8 3
7 5
7 7
7 8
8 9
7 1
9 16
8 0
9 14
8 14
7 14
7 12
9 12
9 12
8 15
8 12
7 16
7 10
7 9
7 5
7 0
6 15
5 14
6 13
6 12
6 10
6 5
6 9
6 4
8 2
8 3
9 3
10 4
11 4
11 5
12 7
12 7
12 9
12 10
12 11
13 11
14 11
13 13
14 13
13 9
13 15
13 10
14 8
13 14
13 10
13 7
13 9
13 7
12 14
13 6
13 7
13 6
12 12
14 4
14 2
14 2
13 0
12 3
12 3
13 0
10 7
12 3
12 2
11 0
11 7
9 16
11 15
11 9
11 3
11 2
10 13
11 13
11 1
10 13
4 4
9 12
10 8
10 9
10 6
10 1
9 5
10 0
9 13
9 15
9 7
9 6
9 5
8 0
8 5
8 16
8 15
8 14
7 12
8 12
8 10
7 14
8 4
7 1
7 12
7 10
7 9
7 5
7 9
7 3
6 16
6 15
6 14
8 2
8 4
8 5
8 6
9 6
9 7
10 7
11 7
11 9
11 11
12 12
13 12
13 13
13 13
14 12
13 14
14 11
13 14
13 11
14 10
14 8
13 10
13 9
11 5
13 7
14 7
13 7
14 6
13 6
13 4
12 4
14 4
13 2
14 0
13 0
12 7
13 1
12 12
11 2
12 1
12 16
11 11
10 13
12 15
10 2
12 0
11 15
11 1
10 13
9 14
10 11
10 10
11 0
10 9
10 7
10 5
9 3
9 2
10 0
8 13
10 0
9 12
9 10
9 10
8 8
9 2
9 8
7 14
9 1
9 0
8 12
8 10
8 8
8 7
8 1
8 0
7 14
6 12
7 10
7 9
7 8
7 7
7 6
7 5
7 3
7 2
7 2
7 1
7 0
8 2
9 2
10 1
11 2
11 4
12 4
12 5
13 6
13 6
13 8
13 9
13 10
13 9
14 10
14 11
13 9
13 13
13 13
13 14
13 14
14 8
13 4
14 7
14 4
12 8
14 3
13 1
11 7
12 14
12 11
14 0
13 3
13 1
12 14
12 2
12 0
11 6
11 8
11 6
13 0
11 4
10 0
11 16
11 14
11 12
10 2
10 16
10 14
10 14
10 13
10 12
10 3
10 8
10 7
9 4
9 1
10 1
9 0
7 0
8 1
8 2
9 3
9 3
10 5
10 7
10 8
11 7
12 7
12 9
13 9
14 10
14 11
14 12
13 10
13 12
14 13
14 15
13 8
14 6
13 14
13 5
13 8
14 4
14 3
13 1
14 1
12 4
13 1
12 0
11 5
12 14
12 14
12 9
12 3
13 0
12 3
12 2
10 7
10 3
10 2
11 0
11 0
10 2
10 0
11 14
9 5
8 1
10 15
9 15
9 13
8 11
10 12
9 0
8 14
7 14
9 11
8 16
8 10
8 11
8 7
7 5
7 4
8 1
7 14
8 0
6 13
7 10
7 8
6 5
7 4
7 2
6 1
7 1
6 14
6 4
7 0
6 10
6 9
6 4
6 2
6 1
8 2
8 3
8 3
10 5
10 5
10 7
11 6
11 8
12 7
12 9
12 9
13 11
13 12
13 13
13 9
13 11
13 11
14 12
14 14
13 7
14 6
13 15
13 15
13 4
14 4
13 14
14 3
13 8
14 1
14 0
13 7
13 4
12 3
13 1
13 0
12 16
12 15
12 5
12 12
12 5
12 2
11 1
12 0
11 8
10 4
11 10
10 3
10 2
11 15
11 2
10 0
9 1
10 16
9 5
9 3
9 14
9 13
9 12
8 10
9 3
9 1
8 0
9 10
8 15
7 14
8 14
7 13
8 0
7 15
7 13
8 2
9 2
9 2
10 2
11 4
12 5
13 5
12 7
14 7
13 8
12 10
14 10
14 10
13 12
14 11
13 13
11 9
14 13
14 4
14 14
13 14
14 3
14 1
13 15
14 1
13 14
13 10
13 4
12 2
14 0
12 0
12 8
11 0
12 4
13 0
12 16
12 15
11 9
11 16
8 2
9 2
10 2
11 0
12 1
13 3
13 2
13 3
14 4
13 6
13 6
13 7
13 1
14 7
14 8
14 10
12 2
13 11
14 10
14 12
13 13
13 14
12 7
13 14
13 12
13 10
13 9
13 5
12 15
12 8
11 8
12 0
13 0
12 16
12 6
11 9
11 11
10 6
11 5
11 4
11 3
11 16
11 0
11 15
10 15
10 8
10 8
10 5
10 15
10 4
9 3
8 3
10 1
10 0
9 16
9 8
9 5
9 14
9 13
9 11
8 0
8 3
8 0
7 5
7 6
8 2
8 4
9 4
10 4
10 5
9 6
10 8
10 8
10 9
10 11
10 2
10 2
11 4
12 3
12 5
12 5
13 6
13 7
13 9
13 8
14 9
14 10
13 12
13 11
14 12
13 13
13 13
13 14
14 14
13 10
13 7
14 6
14 4
14 4
13 4
14 2
13 1
14 1
13 2
14 0
13 1
13 0
11 6
11 8
12 16
11 15
11 10
12 2
11 0
11 5
12 11
11 12
11 14
11 8
11 0
10 0
8 4
11 0
10 16
10 14
9 14
9 15
9 14
9 5
9 1
9 1
9 0
8 16
8 15
8 13
8 12
7 14
7 10
8 1
8 9
8 0
6 13
5 14
7 9
6 12
7 0
5 10
6 9
8 1
9 2
10 2
10 2
10 4
9 5
10 5
10 7
10 7
10 9
11 9
11 11
12 11
13 11
8 2
8 3
9 4
9 4
9 4
10 6
10 7
9 8
9 7
10 8
10 10
10 10
10 11
10 13
10 14
11 13
11 15
10 14
8 8
8 9
12 15
8 10
11 15
12 15
13 15
13 16
13 15
14 14
13 13
6 15
13 12
14 12
14 11
13 9
13 8
14 8
13 11
14 6
13 4
13 9
13 8
13 6
14 4
13 4
14 2
14 0
13 2
13 0
8 13
7 6
7 14
12 10
12 10
12 8
7 13
7 3
12 8
6 12
7 11
7 10
7 8
14 0
13 0
7 7
7 2
7 2
7 0
6 14
6 12
6 12
6 11
5 16
5 14
5 12
8 0
9 2
10 2
10 4
11 5
12 6
12 6
13 7
13 9
13 11
13 13
14 13
13 15
13 10
13 6
14 15
12 10
13 4
13 16
12 15
13 5
12 9
12 5
14 3
14 2
14 0
13 3
13 1
13 1
12 3
13 0
12 2
11 0
10 6
11 7
12 0
11 8
9 5
11 10
11 11
11 3
9 7
10 9
11 16
10 15
9 15
11 2
8 14
10 1
10 14
8 13
8 5
9 3
4 0
8 4
10 0
9 2
8 0
7 12
6 13
8 7
8 3
8 10
7 15
7 11
6 9
7 9
6 0
7 4
7 3
6 14
6 12
8 2
8 4
9 4
10 4
11 3
12 4
13 4
13 5
13 6
13 8
13 9
13 3
11 2
14 8
14 10
13 11
14 12
13 1
13 13
13 11
13 10
13 13
13 14
14 14
14 7
14 7
13 0
14 6
14 5
14 0
13 15
12 16
12 14
11 4
12 5
12 6
12 6
12 7
11 14
12 1
12 0
11 1
11 13
10 12
9 12
11 0
10 14
10 16
9 11
9 11
10 2
9 2
10 0
9 14
9 0
8 15
7 13
9 13
8 11
8 1
9 3
9 5
9 6
8 9
8 5
8 4
7 11
8 0
7 10
7 15
7 9
7 8
7 5
7 4
7 3
7 1
7 0
6 0
6 15
6 14
6 16
6 11
6 12
8 0
9 2
10 1
10 3
11 4
12 4
13 4
13 6
13 6
13 8
13 6
14 8
14 9
13 11
13 13
13 11
13 9
14 13
14 5
14 14
13 16
14 3
14 2
13 15
14 1
14 0
13 3
13 14
13 9
12 2
13 0
12 11
12 16
12 14
12 9
11 9
12 8
11 7
12 6
12 0
11 7
11 8
11 16
10 14
11 13
11 10
11 13
10 2
11 0
11 0
10 15
10 13
10 9
10 7
10 12
10 6
10 5
10 4
10 1
10 0
9 2
9 14
9 13
8 15
7 14
9 12
9 5
9 10
9 3
3 11
9 1
9 0
6 14
8 1
8 0
7 12
7 11
6 9
7 0
7 8
6 7
6 6
7 5
6 3
6 15
6 13
6 12
6 9
6 0
8 2
9 2
9 3
10 4
11 3
11 5
12 5
12 6
13 6
13 6
13 8
14 8
13 9
13 10
14 10
13 12
14 12
14 13
14 15
13 6
13 5
14 3
13 2
14 2
13 11
14 0
14 0
13 13
13 13
13 2
13 14
13 8
13 1
13 0
12 16
12 15
11 6
12 7
12 9
11 10
11 10
12 4
12 3
11 2
12 1
12 0
11 5
11 1
11 0
11 16
10 14
11 15
10 14
9 12
9 11
10 7
9 10
9 9
10 6
10 5
10 2
10 1
9 14
10 0
8 14
8 10
9 6
8 4
9 1
9 0
7 11
8 9
8 1
8 0
8 8
8 2
9 4
10 3
11 5
12 6
13 5
13 7
14 7
13 9
14 9
13 9
14 10
13 10
13 8
14 11
13 12
13 12
13 13
14 0
14 12
14 13
13 15
13 4
14 14
13 3
13 2
14 1
13 0
12 0
12 15
13 14
13 0
12 10
12 9
12 7
12 7
11 3
9 2
11 5
11 14
11 3
10 13
11 2
11 13
10 11
11 0
11 0
9 14
10 15
9 13
9 0
10 6
10 10
10 0
10 9
9 16
8 14
9 13
9 12
8 14
8 0
7 13
7 3
7 1
8 16
8 2
8 2
9 3
10 5
11 5
11 6
11 8
11 4
11 8
12 9
13 8
13 10
13 10
13 11
13 9
12 9
12 10
13 11
13 13
13 14
14 7
14 7
13 8
14 5
13 3
14 3
14 1
13 7
13 5
14 0
14 0
12 5
13 4
13 2
13 0
12 6
12 3
12 1
12 0
11 1
10 2
10 4
12 16
12 15
11 15
10 14
11 13
11 0
9 15
9 13
10 11
9 11
10 7
10 1
10 0
9 16
8 13
9 11
9 10
9 3
9 5
9 1
8 0
7 2
7 0
8 4
8 5
8 6
7 3
8 15
8 14
8 14
8 12
8 11
7 10
8 9
7 15
7 16
7 12
7 13
7 11
7 10
7 9
7 2
7 0
6 11
8 2
8 3
9 4
10 4
11 6
12 5
12 7
13 7
13 8
14 9
13 10
13 10
14 10
13 12
14 12
14 13
13 14
14 14
13 6
13 4
12 2
14 4
13 13
13 16
14 3
14 2
13 0
13 0
12 15
13 9
11 3
12 13
12 11
12 11
12 9
11 7
12 2
12 1
12 0
11 15
11 14
11 12
11 12
11 0
10 10
10 9
11 7
10 16
10 14
10 12
10 9
10 12
10 8
10 6
10 4
8 4
10 3
10 2
9 14
10 0
9 12
9 0
8 12
9 11
9 10
9 9
9 7
9 6
9 2
9 0
8 15
7 14
8 5
8 9
8 8
7 6
7 11
7 6
7 1
8 0
7 8
6 3
6 4
7 3
5 7
7 0
6 8
6 10
6 11
6 12
6 14
6 16
6 3
6 2
6 1
5 0
5 7
5 16
5 15
4 14
5 13
5 11
5 11
4 10
5 6
4 4
5 4
5 3
4 1
4 12
4 0
4 13
4 10
4 15
4 9
4 8
4 7
4 4
4 4
4 0
3 15
3 13
3 13
3 12
3 11
3 10
3 9
3 7
3 5
3 4
3 2
3 2
3 1
2 0
2 1
2 15
1 14
2 13
2 11
2 11
1 9
2 7
1 6
1 4
1 12
2 3
1 10
1 8
1 4
1 15
1 3
1 2
1 1
6 2
8 2
9 2
10 4
10 4
11 5
11 6
11 7
11 8
12 7
13 8
13 10
13 9
14 10
13 10
13 8
12 11
13 11
14 13
13 14
13 13
14 14
14 7
14 5
13 4
14 4
12 14
14 2
14 2
13 1
13 12
13 6
13 6
14 0
13 2
12 1
13 1
13 0
11 10
12 9
12 7
12 5
12 5
12 3
10 8
10 9
12 3
12 2
12 1
11 9
11 2
11 1
11 0
11 0
10 10
10 8
9 6
10 5
10 1
8 6
11 16
11 15
11 13
10 16
10 14
10 0
9 15
9 16
10 13
9 14
9 13
9 10
8 3
9 9
8 5
9 0
9 0
8 0
8 14
8 15
8 14
8 12
8 2
8 3
8 4
8 4
9 5
9 6
10 5
11 5
12 6
13 6
14 6
14 8
13 9
14 13
13 15
13 16
14 5
13 3
13 15
14 2
13 0
13 0
13 13
13 11
12 9
13 9
12 7
13 3
13 2
11 4
11 2
12 0
11 0
12 15
12 16
10 2
11 6
10 1
12 11
11 15
11 15
11 8
11 9
9 0
10 10
10 15
9 15
10 14
9 14
9 3
9 2
8 5
8 7
8 9
9 10
8 8
9 0
7 0
8 16
7 1
8 15
8 13
7 1
7 2
6 3
7 5
7 6
6 6
5 3
8 2
9 2
10 2
11 0
12 1
13 3
13 4
12 5
13 7
13 8
13 9
14 10
13 11
14 11
13 11
13 13
13 7
13 13
14 14
14 5
13 12
13 4
13 16
13 1
13 14
12 2
14 3
13 1
14 0
11 4
10 6
13 0
12 5
12 6
12 16
12 14
11 7
12 9
11 11
12 12
11 10
12 0
11 3
11 16
10 15
11 1
11 0
10 7
10 15
9 5
10 10
10 5
10 4
9 0
9 6
10 3
8 5
8 3
9 16
8 15
9 14
9 0
8 2
9 2
10 1
11 2
12 2
12 3
13 3
14 2
13 3
14 3
13 5
12 4
13 5
14 6
12 6
12 6
12 3
12 2
14 7
13 8
13 8
13 9
13 1
13 9
12 10
12 9
12 8
12 1
14 10
14 10
14 12
13 12
13 14
13 14
13 0
13 13
12 15
13 12
13 11
12 0
12 15
11 10
11 1
12 0
11 11
11 16
11 15
11 9
11 9
11 8
11 7
10 5
11 5
8 4
10 15
11 0
10 11
10 10
10 14
10 9
9 13
9 8
10 7
10 3
10 1
10 0
9 14
9 16
9 8
8 10
9 8
9 6
9 4
9 3
9 1
9 0
8 2
9 2
9 3
9 5
10 4
10 6
10 7
11 7
12 7
12 8
13 10
13 8
13 10
13 10
13 10
14 12
14 6
13 14
13 14
13 13
14 7
13 7
14 15
14 6
12 14
14 4
14 2
14 1
13 6
13 3
13 2
14 0
13 0
13 14
12 8
12 11
12 10
12 6
12 5
11 4
12 2
11 1
12 1
11 0
11 6
11 5
9 3
11 15
11 15
8 1
10 1
10 0
9 0
10 16
9 14
8 15
10 12
9 11
10 10
8 11
7 14
8 14
8 11
8 4
7 10
8 9
8 3
8 8
7 12
7 9
8 7
8 0
7 9
6 8
7 7
6 6
6 9
7 0
5 10
6 16
6 15
8 2
8 3
8 4
8 4
9 5
10 7
10 7
10 4
11 5
12 6
13 7
12 6
13 7
13 9
13 10
14 8
13 10
13 10
14 10
13 4
14 12
13 11
13 13
13 14
13 4
13 15
13 5
13 4
13 2
13 15
13 2
13 0
13 1
11 7
12 7
12 9
12 11
12 4
12 15
12 16
12 3
11 2
12 1
12 0
10 5
10 2
11 8
10 0
11 16
11 15
10 16
9 0
9 14
9 14
9 14
10 13
9 13
9 6
9 3
8 14
10 11
9 12
8 14
8 12
7 10
8 9
8 4
8 0
10 11
6 12
8 6
1 10
7 11
7 9
6 11
5 11
6 10
5 12
7 7
7 5
7 5
5 13
5 16
3 0
3 0
5 6
6 5
6 4
6 7
6 11
8 12
9 14
9 14
9 17
10 17
11 18
14 15
14 18
15 17
15 15
15 11
15 13
16 10
18 10
21 12
21 14
21 15
20 15
21 15
21 16
21 15
22 15
22 16
20 20
20 17
22 21
21 22
21 23
21 21
20 27
20 21
22 25
22 27
22 25
20 27
23 29
23 31
22 30
21 31
23 31
20 32
21 32
20 32
21 36
21 35
23 35
20 34
23 19
23 17
20 24
21 12
21 9
23 9
23 7
23 9
21 39
22 7
20 9
23 7
22 38
21 2
22 0
22 30
20 3
21 32
22 8
21 1
22 6
20 11
22 5
20 30
21 33
22 2
23 0
22 0
18 33
20 7
21 0
18 19
21 16
21 0
20 39
20 3
20 34
19 24
20 30
19 24
20 2
19 32
19 1
20 0
18 25
19 22
18 35
19 24
19 32
17 16
16 23
19 14
19 9
19 38
17 7
19 6
18 21
18 31
19 5
17 3
17 1
19 1
18 0
18 34
18 30
16 19
17 15
17 9
16 36
18 3
18 1
14 8
16 19
16 27
18 24
15 34
17 0
17 35
17 32
17 30
17 9
16 16
17 29
15 27
17 8
17 6
17 3
15 3
17 0
15 32
14 32
14 32
16 32
15 31
16 25
16 29
15 8
13 25
12 36
16 20
13 32
15 7
14 22
16 5
15 19
16 1
15 0
16 14
16 11
15 36
14 26
13 2
14 35
15 8
15 24
15 0
13 27
14 4
13 28
14 28
13 15
13 13
11 10
14 24
13 1
14 38
14 24
12 21
14 8
13 5
11 34
14 5
12 0
13 34
13 32
12 28
12 26
2 1
4 1
4 4
5 8
6 9
8 5
9 10
10 8
11 10
14 11
13 13
15 12
17 11
18 9
19 13
19 15
19 15
19 17
19 19
21 15
21 19
20 21
20 23
22 24
20 21
23 24
19 9
20 14
22 27
20 28
23 31
21 34
21 21
21 34
21 25
22 31
21 36
20 32
22 30
21 19
21 12
23 18
20 24
22 36
23 14
22 11
22 20
20 13
21 9
22 19
20 37
21 38
22 15
21 14
20 7
21 6
21 6
21 4
23 7
22 2
21 0
19 31
19 28
20 30
20 15
20 5
20 0
21 1
19 5
19 31
20 27
20 2
18 9
21 0
19 38
20 7
17 1
21 27
17 4
17 0
19 31
18 21
19 27
19 24
17 7
18 2
16 2
17 39
19 1
17 34
17 0
20 17
16 3
17 36
18 21
16 20
19 3
17 35
18 34
16 14
15 32
18 16
18 2
17 21
15 34
17 34
17 33
16 30
16 31
15 7
15 17
15 27
17 29
16 19
17 28
14 25
13 32
15 10
14 0
13 35
14 7
16 15
13 29
16 21
15 4
16 10
17 14
15 34
16 25
17 0
10 15
15 30
14 28
15 18
13 1
16 23
16 22
15 19
11 23
13 16
11 6
13 35
12 12
16 6
13 0
13 39
11 34
12 31
12 36
12 0
16 0
15 16
11 31
11 4
12 26
11 13
11 9
11 1
14 20
10 37
2 3
5 2
7 5
7 3
8 6
6 7
8 9
11 6
12 9
13 9
14 11
14 13
14 13
16 17
17 14
19 18
21 18
21 19
20 20
23 21
23 24
21 26
21 27
20 29
21 31
22 29
22 32
20 33
20 35
22 35
20 36
20 32
20 31
22 38
20 16
20 37
20 38
22 25
20 23
21 13
20 11
21 32
21 9
23 29
23 15
22 9
20 8
22 24
21 22
21 6
20 2
20 29
21 29
23 10
19 2
19 28
20 9
19 25
22 2
21 0
22 8
21 6
19 16
23 2
18 19
20 1
19 13
23 0
21 0
18 6
18 10
20 4
19 0
18 21
18 8
18 19
21 23
17 36
17 35
17 32
20 29
18 14
18 3
19 32
17 3
17 25
15 34
18 13
18 0
16 32
18 0
19 10
15 22
17 31
17 29
15 36
18 16
16 14
16 6
16 10
17 16
18 1
17 0
14 29
17 25
14 22
17 19
14 33
15 12
17 11
17 9
15 33
15 20
16 9
15 6
17 0
13 30
16 21
16 21
16 18
17 0
12 32
16 10
16 10
14 2
16 3
16 2
15 1
13 18
15 32
15 33
15 29
15 28
14 0
15 33
15 21
14 9
12 5
12 3
14 22
12 35
11 25
14 6
12 17
14 23
15 1
13 35
13 12
13 1
12 35
14 30
14 17
13 27
14 25
14 0
11 37
13 27
13 22
11 15
11 10
11 14
11 6
11 1
13 18
11 33
10 3
13 9
12 2
12 30
19 32
20 31
20 31
20 30
20 34
19 34
22 30
21 35
19 34
21 32
19 31
21 32
19 36
23 36
22 31
18 31
19 32
20 34
21 17
22 35
23 36
19 31
23 36
20 30
18 33
23 29
20 28
21 38
20 22
23 33
21 36
23 26
23 24
22 33
20 29
19 21
19 37
22 20
23 19
20 22
20 29
21 13
20 15
20 36
20 15
22 18
21 27
22 14
23 12
23 12
23 10
21 26
20 8
21 14
20 29
22 3
22 2
22 2
21 11
20 24
20 25
20 18
20 12
20 16
19 12
20 0
20 9
23 5
21 0
21 17
21 6
21 15
21 5
20 2
20 33
20 7
21 3
19 7
20 2
20 24
20 22
18 20
20 0
20 4
18 33
19 0
19 39
16 31
19 36
19 37
16 29
16 34
19 29
18 25
18 22
17 11
19 23
17 12
19 16
19 18
18 8
17 3
18 33
19 1
18 34
15 24
18 17
16 10
18 19
18 7
17 17
15 15
17 1
17 1
18 1
17 32
17 0
14 34
17 31
17 39
17 24
16 24
17 26
15 21
17 11
16 9
16 7
17 16
17 5
17 1
14 31
17 12
14 29
15 28
15 38
15 26
16 26
16 23
16 19
16 13
15 16
14 10
14 10
13 9
15 11
16 7
15 1
15 3
16 1
15 36
14 29
12 35
13 21
15 19
13 18
13 2
13 16
15 0
14 12
13 6
14 8
12 27
16 0
13 29
14 23
13 20
14 36
14 39
13 14
12 21
13 13
14 0
13 7
12 32
11 34
13 33
13 29
12 29
12 28
12 26
12 24
13 23
11 17
13 11
12 8
13 17
11 8
12 5
12 12
13 6
13 0
11 1
12 29
12 0
10 37
12 28
12 22
10 22
12 36
12 3
18 31
19 34
20 30
22 34
20 35
20 30
21 26
20 28
21 29
21 24
22 37
18 25
21 36
20 22
20 20
23 20
22 36
20 22
21 18
22 13
20 12
23 30
19 9
20 10
20 20
23 24
21 17
21 9
21 18
21 25
20 8
22 13
21 23
21 38
20 14
21 6
21 34
20 6
22 2
21 4
21 1
23 0
22 4
20 1
18 4
20 13
19 7
21 8
19 33
19 32
20 17
18 26
20 32
21 2
19 23
19 17
23 0
22 0
18 18
19 7
20 23
19 1
18 13
16 12
20 17
21 0
18 0
20 0
17 29
19 20
19 37
18 31
16 38
19 4
18 33
17 29
18 22
17 24
17 18
17 15
18 24
18 15
18 11
15 9
16 31
16 8
16 0
15 5
18 6
16 7
16 36
17 31
15 0
16 21
17 29
17 27
16 35
16 24
17 20
16 10
15 4
15 2
15 32
17 5
15 31
14 24
16 28
16 20
16 22
15 21
14 3
16 20
16 19
14 15
16 17
16 16
15 13
15 11
15 10
15 0
15 30
15 30
15 37
13 25
12 37
14 22
15 23
15 13
13 9
15 5
12 34
13 22
14 36
14 8
13 4
14 36
14 31
13 26
12 28
14 22
15 0
12 17
13 14
14 20
14 10
14 11
13 6
13 2
13 29
13 27
13 19
13 1
12 25
13 25
14 0
13 36
13 25
12 12
12 18
13 14
12 11
19 32
19 33
20 32
20 34
22 34
18 27
22 30
21 32
20 36
21 33
20 35
20 29
17 38
23 35
22 37
22 28
21 28
23 26
20 28
20 39
21 25
23 38
21 25
20 20
19 32
21 31
21 27
22 31
22 34
23 35
21 29
22 37
20 32
23 28
21 23
22 38
20 29
20 25
21 32
21 23
20 26
21 36
21 17
21 31
21 16
20 39
22 22
19 35
23 19
20 17
21 37
22 17
23 13
22 17
20 11
21 11
21 12
23 12
20 33
20 24
21 13
21 26
23 11
20 10
23 10
23 9
22 6
20 6
21 20
20 37
22 4
22 4
22 0
23 0
22 2
20 18
20 15
21 15
20 7
21 1
19 4
21 4
21 0
20 1
19 1
20 37
20 30
20 36
20 28
20 25
20 23
18 20
19 19
18 18
19 17
20 14
20 10
19 6
20 5
18 9
19 32
17 3
20 0
17 33
19 22
19 13
19 12
18 6
18 35
18 30
17 21
18 15
18 11
19 37
19 7
17 36
18 26
17 5
16 10
19 0
17 25
16 1
16 35
17 22
16 7
18 20
15 33
16 32
16 33
17 32
18 0
16 30
16 30
17 28
15 25
17 21
17 20
17 18
17 17
17 15
16 8
16 30
15 0
14 26
17 5
15 34
16 22
14 22
15 19
15 35
16 17
15 18
16 16
15 5
16 14
16 0
14 33
14 8
12 31
15 3
15 34
14 0
15 31
14 28
15 25
15 23
15 11
13 39
15 17
14 5
12 15
15 10
14 34
14 30
13 4
14 4
13 32
14 23
14 19
15 0
13 9
13 39
14 5
11 29
14 27
12 22
12 4
12 17
12 33
13 16
11 0
10 25
14 7
13 0
12 20
12 11
13 38
12 3
13 33
11 34
11 28
12 12
13 10
12 33
12 30
11 22
10 17
12 34
11 16
13 0
12 11
11 10
9 8
12 22
12 0
12 22
10 34
10 5
11 0
9 14
10 11
11 34
9 23
11 33
10 30
10 8
9 29
9 35
10 4
11 15
8 37
8 8
9 29
11 10
9 0
8 30
11 7
10 2
10 34
10 17
11 1
10 30
9 18
9 18
7 34
9 15
7 13
10 5
9 32
8 30
8 28
10 17
6 38
8 26
9 24
8 24
6 23
7 19
7 9
6 8
7 17
8 6
9 2
9 9
9 14
7 0
6 36
7 31
8 21
8 28
7 15
8 14
6 13
8 6
8 4
6 4
8 3
7 35
5 32
7 23
6 27
5 25
7 26
8 1
7 20
7 3
6 20
4 16
7 38
7 16
4 10
5 30
6 10
6 0
6 24
6 1
6 19
5 1
4 15
6 37
7 0
4 16
5 12
6 9
4 6
5 6
6 3
6 0
4 35
3 32
5 25
5 28
2 22
4 0
6 0
3 23
3 21
4 0
4 31
3 2
4 25
5 16
5 7
3 28
5 34
4 37
1 17
3 39
3 18
4 18
4 16
4 13
4 12
1 11
1 9
2 6
1 3
2 39
1 28
3 35
3 36
3 35
3 34
2 31
3 29
3 22
1 15
3 28
3 14
2 12
3 12
3 6
3 6
3 5
3 4
1 28
2 2
2 34
2 0
1 39
2 36
0 28
2 28
0 15
2 25
2 24
18 31
20 35
20 38
20 35
21 35
20 34
20 31
22 38
22 35
20 30
22 32
23 34
21 28
23 28
20 30
20 28
23 25
22 28
21 22
22 27
20 19
20 39
23 15
20 18
20 20
22 26
20 23
20 21
21 15
22 12
20 10
22 8
20 3
23 11
21 4
23 15
23 7
22 18
20 0
23 3
23 0
19 17
20 0
21 38
20 23
20 27
20 22
20 15
20 25
19 11
19 9
21 14
18 3
19 20
20 16
21 2
20 14
19 6
19 11
18 3
19 2
19 1
20 1
19 0
19 32
18 37
18 34
17 30
19 29
19 35
19 23
18 24
19 21
17 18
19 14
18 18
18 12
16 8
18 3
19 1
18 34
18 29
19 0
17 29
17 27
18 26
18 24
18 22
18 22
17 15
18 12
17 9
18 8
17 5
17 3
15 37
18 0
16 1
16 33
16 31
17 37
17 30
15 26
16 22
18 0
15 34
16 33
15 30
16 17
16 11
15 19
17 13
17 11
17 6
17 5
16 16
17 4
15 0
16 37
15 33
16 31
14 26
13 23
15 11
15 11
15 9
16 7
14 3
16 1
12 6
15 0
14 37
13 32
15 0
14 31
12 31
13 21
13 30
13 18
12 13
15 17
15 24
15 6
14 3
14 3
15 2
13 27
13 18
13 34
13 13
11 10
12 1
12 32
11 24
12 31
14 28
12 24
14 22
13 5
11 23
12 22
13 7
13 33
13 21
14 0
12 2
11 19
13 14
11 3
12 18
13 3
12 0
10 28
11 33
9 20
12 8
11 37
10 17
19 29
20 29
20 32
20 32
19 32
22 37
22 36
21 34
21 35
22 32
20 30
20 39
21 27
23 31
22 27
22 25
22 24
20 21
19 20
22 27
20 35
21 39
19 20
20 17
19 14
22 18
23 15
21 15
23 13
21 38
20 10
22 8
22 8
23 7
21 16
23 2
21 29
22 0
20 29
21 9
20 7
21 6
23 0
20 14
20 3
22 3
20 27
19 23
19 3
21 24
18 17
19 0
21 0
21 14
20 19
20 8
19 18
20 10
19 2
20 37
20 15
17 15
19 14
19 0
19 6
18 0
19 31
17 32
18 36
18 30
17 25
17 21
19 9
18 36
17 17
19 8
19 20
19 7
17 0
19 0
18 34
18 34
18 37
17 38
15 33
17 29
17 32
16 14
18 26
18 26
18 25
15 24
15 22
18 20
18 19
16 1
18 18
15 34
16 15
18 14
18 11
18 8
17 5
17 7
16 26
18 6
16 2
17 21
16 35
18 0
17 38
16 20
15 15
15 14
16 12
17 9
17 2
17 2
13 31
17 1
13 34
16 21
16 0
16 29
14 28
15 10
16 35
16 16
14 10
14 9
15 8
15 7
15 6
14 3
13 33
16 3
14 2
14 33
12 33
15 0
13 27
13 25
13 18
14 19
15 33
12 15
14 13
13 30
15 30
13 7
13 34
14 0
15 9
13 19
12 17
12 15
14 12
11 9
11 5
11 33
13 26
12 0
11 33
12 27
13 37
11 25
11 24
13 24
13 23
12 21
12 13
13 9
10 9
12 15
12 20
11 4
11 32
12 2
12 29
10 0
11 39
9 20
10 32
11 16
10 27
11 21
11 12
11 34
11 8
11 29
10 27
10 25
10 15
11 3
11 29
11 18
9 13
11 8
9 13
10 6
10 6
10 1
9 29
9 5
11 0
10 29
9 34
9 26
10 22
9 35
10 20
10 34
7 33
10 16
9 18
9 12
10 13
10 9
9 8
10 5
10 3
7 31
9 4
10 1
10 0
8 27
7 27
9 24
7 25
8 23
7 22
9 10
8 6
8 4
7 20
7 16
5 35
9 2
9 0
6 14
7 31
7 26
8 30
6 33
6 36
8 30
7 8
8 19
8 24
8 14
8 8
5 4
6 3
8 0
7 0
6 29
6 26
6 24
7 23
5 18
5 15
6 12
7 7
4 35
6 6
4 4
6 0
6 7
7 6
6 0
4 36
4 26
7 0
4 31
6 34
6 31
6 29
4 24
5 31
6 25
6 19
6 22
4 21
6 17
4 15
5 13
3 9
3 9
6 18
6 3
2 37
4 0
3 27
4 37
5 24
5 21
2 21
3 13
5 7
5 4
2 33
5 0
2 33
4 4
4 28
2 23
4 25
4 19
2 17
3 24
0 35
4 14
4 12
1 19
4 10
4 9
4 7
3 35
3 26
3 34
2 5
2 29
2 34
4 3
1 27
1 25
0 38
1 19
0 26
0 32
2 2
19 31
19 29
22 34
21 33
22 32
23 34
21 34
20 30
20 37
20 28
23 23
20 36
20 35
23 24
21 26
20 21
22 37
23 27
22 39
22 18
21 22
21 31
20 21
22 17
19 27
23 19
21 33
18 34
22 26
21 17
22 16
20 24
20 10
21 12
22 9
22 20
20 16
19 19
21 8
21 11
23 7
22 4
20 3
19 5
21 25
22 3
21 0
23 4
20 3
20 1
21 33
19 29
18 15
19 6
20 3
19 0
19 30
18 23
18 13
20 18
20 12
18 8
20 4
17 5
17 1
20 1
18 36
18 25
19 34
22 0
18 21
23 0
18 19
17 0
19 11
18 16
16 31
19 6
16 7
17 13
18 33
18 4
18 33
16 28
16 29
19 15
19 2
18 23
17 15
17 10
18 3
21 0
16 0
17 32
17 33
18 1
15 36
17 28
17 26
16 25
17 0
17 24
16 20
16 19
17 17
17 12
16 11
16 13
15 33
15 29
16 3
14 36
15 3
16 27
14 20
16 36
15 23
15 19
16 17
15 16
16 15
13 12
16 10
15 9
15 3
13 26
16 2
12 34
16 1
13 17
12 24
15 33
14 0
15 25
12 24
14 15
15 21
14 19
15 15
15 12
13 10
15 8
15 9
14 8
15 1
15 7
13 33
13 32
12 24
15 3
14 27
14 4
14 17
13 16
13 36
14 14
12 3
12 5
12 37
9 4
14 2
14 1
10 31
13 30
13 28
13 26
12 13
19 30
19 30
20 33
20 33
22 35
21 36
20 35
21 33
23 36
16 38
22 31
21 29
20 23
20 35
22 26
21 30
22 34
23 28
21 24
23 21
21 37
20 22
23 19
22 17
20 24
20 22
23 17
20 37
22 14
22 14
20 32
20 10
20 9
20 35
22 15
23 3
22 17
22 7
22 5
22 11
21 2
23 2
20 1
20 19
20 30
21 17
21 26
20 0
19 25
22 0
21 15
21 14
20 13
20 12
19 6
21 10
19 5
19 1
20 28
17 26
18 23
18 20
19 0
20 15
17 14
16 31
20 11
20 8
20 2
20 1
19 36
17 39
19 36
19 30
18 29
17 22
17 23
19 22
18 16
18 13
17 10
16 4
16 28
19 1
19 2
16 6
19 1
17 37
15 22
16 13
16 39
18 31
15 24
17 29
17 11
15 34
15 9
17 7
18 7
18 6
15 5
16 3
14 16
14 14
15 8
16 2
14 30
17 10
16 0
15 5
16 28
14 20
17 12
17 5
14 0
16 34
16 31
16 28
16 27
14 24
16 4
15 23
15 9
12 28
16 0
14 39
14 30
15 36
12 35
14 33
14 33
15 31
15 25
15 23
15 20
13 19
14 5
14 8
14 7
15 5
14 2
15 0
14 38
14 34
12 31
14 25
13 24
12 21
12 18
14 14
13 10
13 12
10 34
13 5
13 26
12 20
14 0
13 36
12 14
12 15
13 13
13 11
12 10
13 16
14 14
14 13
13 10
13 8
13 12
14 10
13 8
13 7
14 7
13 6
14 5
13 6
13 3
13 2
14 2
13 5
13 1
12 0
12 13
12 10
12 9
12 7
12 6
13 0
14 0
12 5
12 3
12 2
12 1
12 13
13 14
13 15
13 16
14 15
13 13
14 12
14 11
14 10
14 9
13 13
14 8
13 12
14 7
14 6
14 5
13 11
13 9
14 4
13 8
13 6
13 5
13 3
14 2
14 0
13 2
13 1
12 13
14 0
12 14
13 0
12 13
12 12
12 9
12 8
12 6
12 6
12 5
11 4
12 3
11 2
11 0
11 15
10 14
11 14
11 12
11 11
11 10
10 8
11 5
10 12
11 4
10 9
9 9
10 7
9 5
10 5
11 0
10 3
10 3
10 1
10 0
9 16
9 14
9 14
8 13
9 11
9 9
9 8
9 4
9 3
8 2
8 14
7 15
7 12
9 0
8 10
8 10
8 9
8 8
8 7
7 6
8 4
8 4
8 3
7 15
7 13
11 14
12 12
12 11
12 14
13 16
13 15
13 13
14 12
13 12
14 10
14 8
13 10
13 8
12 7
13 7
12 9
13 5
13 6
14 3
13 3
13 5
13 3
13 1
14 0
13 1
13 0
12 6
12 6
11 4
12 2
12 0
12 0
12 14
13 14
13 15
13 15
13 14
14 13
13 13
12 13
14 12
13 12
12 14
13 11
13 10
12 9
13 11
14 8
12 15
12 12
13 8
12 11
14 7
13 7
12 8
14 6
14 5
13 6
14 3
14 2
13 5
13 3
13 2
12 1
13 0
12 7
12 6
12 3
12 3
12 0
12 14
12 15
13 14
11 14
12 14
13 14
11 12
14 13
13 11
12 11
13 10
14 8
13 10
13 7
13 7
12 9
13 5
13 4
14 4
12 8
14 2
14 1
13 3
13 2
13 1
13 1
12 6
14 0
12 0
12 5
12 4
12 2
12 2
10 13
12 0
11 11
10 15
11 10
11 9
10 8
11 7
11 5
11 4
11 3
10 2
11 0
9 2
9 10
11 0
10 15
10 13
10 12
10 11
10 9
10 9
10 7
10 7
10 5
10 1
10 1
10 0
9 12
9 11
9 10
9 8
9 7
8 15
9 6
9 3
9 3
9 3
9 2
9 1
9 0
12 14
13 14
13 15
13 15
13 13
14 14
14 13
14 11
11 14
14 11
13 12
14 10
13 9
13 8
14 6
14 6
14 4
13 11
14 3
13 1
13 0
13 7
12 6
13 4
13 4
13 2
13 1
13 0
12 13
11 12
11 10
11 8
11 5
11 3
12 16
12 2
12 1
12 0
11 11
10 7
11 1
10 1
11 0
10 9
10 16
10 14
10 13
10 12
9 6
9 10
10 5
10 4
10 2
10 0
9 11
9 13
9 16
9 9
9 15
9 7
9 7
8 6
9 5
9 4
8 2
7 6
9 0
8 16
7 14
8 13
8 11
8 9
8 9
8 5
8 4
8 3
7 8
7 6
7 8
8 0
12 14
12 12
12 12
12 10
13 11
12 16
13 11
14 13
13 16
14 10
14 8
13 6
12 14
14 5
13 5
14 4
13 12
13 10
13 7
14 2
13 2
13 5
14 1
13 4
12 1
14 0
13 1
13 0
12 9
12 9
12 7
11 6
12 4
12 4
11 3
12 0
11 7
10 8
11 16
11 14
10 12
11 10
11 6
11 4
11 3
10 2
11 1
10 14
9 11
10 9
10 0
10 6
9 4
10 2
9 16
9 15
8 14
9 12
9 10
9 10
8 8
9 8
9 2
8 5
9 4
9 3
9 3
9 2
9 1
7 13
8 14
7 12
9 0
7 12
8 11
8 8
8 5
7 4
7 10
7 8
12 14
13 13
13 15
14 14
13 12
14 10
13 9
13 16
14 9
14 7
13 6
13 4
13 13
13 2
13 2
13 11
13 0
13 10
14 0
13 9
13 4
13 8
13 2
13 0
12 16
12 13
12 12
12 10
11 8
10 8
12 6
12 6
11 5
10 6
12 4
11 3
11 2
12 0
12 0
11 16
11 14
11 14
10 13
10 11
11 1
10 0
10 14
11 11
10 11
10 5
9 3
10 3
9 4
9 6
9 16
9 15
9 14
9 13
9 11
9 10
9 8
9 7
9 3
8 1
8 0
8 2
8 3
9 3
9 4
9 3
10 5
11 6
11 7
11 3
11 3
11 8
12 8
13 9
13 7
14 10
14 11
13 12
13 13
14 13
13 15
14 6
13 11
13 15
13 7
13 5
13 3
13 4
14 3
14 2
13 2
12 16
12 0
13 1
11 5
13 0
14 0
11 0
12 15
12 3
12 3
11 0
11 16
11 14
11 13
10 11
10 5
10 6
10 2
10 2
9 1
8 4
10 0
9 5
10 16
10 15
10 14
10 13
10 11
9 10
9 15
8 14
9 12
9 10
9 7
9 1
8 13
7 12
9 0
8 10
7 15
8 5
8 4
8 0
8 0
7 10
6 15
7 12
8 1
8 3
9 3
9 5
10 4
11 6
12 8
12 10
13 10
13 9
12 5
13 11
13 12
13 8
13 11
14 13
13 14
14 14
13 7
13 14
14 6
12 4
14 5
13 4
12 15
13 3
14 1
14 0
14 0
13 3
13 2
12 0
12 3
12 14
12 12
12 1
12 0
11 7
11 16
11 14
11 5
11 4
10 3
11 2
11 1
10 15
11 0
10 13
10 13
10 11
9 9
10 8
10 7
10 4
10 2
10 1
9 11
10 0
9 13
9 14
9 10
8 4
9 8
9 7
7 6
9 1
9 0
8 16
8 15
8 14
8 13
7 12
8 11
8 10
8 4
8 3
7 1
7 12
8 0
6 14
7 10
7 6
6 5
6 3
6 1
7 15
7 0
6 15
6 13
6 12
5 10
6 8
6 8
6 6
6 6
2 11
6 4
6 1
5 14
5 9
6 0
5 8
4 6
5 5
5 4
4 3
5 2
5 0
3 12
3 13
8 2
8 3
9 2
10 4
10 5
10 6
11 6
11 7
12 7
13 6
14 7
13 8
12 8
14 8
13 9
13 6
12 9
12 6
13 8
13 5
12 10
12 5
14 9
13 11
13 13
13 13
14 14
14 15
14 4
13 3
13 16
13 15
14 1
13 14
13 0
13 11
13 3
12 2
13 2
13 0
12 2
12 0
12 9
11 5
12 15
12 15
11 4
11 2
11 16
11 15
11 13
11 1
10 14
9 13
9 0
10 11
9 11
11 0
9 9
9 3
10 12
8 14
6 12
9 6
9 1
8 10
7 10
9 0
9 7
8 9
7 8
8 4
8 1
8 0
7 14
6 7
7 14
6 13
7 6
6 15
6 11
7 4
7 1
7 2
8 2
9 1
10 2
10 1
11 3
12 2
12 4
12 5
12 7
12 7
12 9
12 10
13 9
13 11
14 11
14 11
13 11
13 13
13 12
13 10
14 14
13 14
14 9
14 7
13 14
13 5
13 9
14 3
14 2
14 0
13 8
13 7
13 0
12 2
13 6
13 0
12 15
12 10
10 3
12 0
11 9
12 0
11 10
11 8
11 11
11 16
11 7
11 15
8 2
9 2
10 3
11 3
11 5
12 6
12 6
13 7
13 8
13 8
13 9
13 10
13 9
14 11
13 12
13 12
13 12
13 14
14 14
13 15
14 8
13 4
13 7
13 6
14 3
13 3
14 3
12 16
13 2
13 2
12 15
14 0
13 1
12 7
12 0
12 4
12 3
12 2
11 15
11 7
11 15
10 13
10 13
11 1
11 1
8 9
6 14
11 0
10 15
9 13
8 11
10 5
9 11
10 10
10 8
10 0
8 8
6 3
9 1
9 0
9 15
8 8
8 14
8 2
8 4
8 1
8 0
3 3
4 1
5 2
6 1
6 1
8 0
9 2
12 3
14 2
2 0
3 5
4 5
6 7
5 10
7 11
7 9
8 15
8 16
8 18
9 20
11 19
11 22
13 22
13 21
13 23
16 21
16 24
19 25
20 26
19 22
21 26
23 25
21 26
22 24
22 28
20 26
22 31
22 31
21 31
20 32
21 35
22 35
22 30
21 23
23 21
22 22
20 17
20 37
22 36
19 30
22 19
20 19
21 17
22 13
20 37
22 33
20 14
22 12
21 9
20 8
21 8
22 14
22 4
22 5
20 12
23 34
21 1
20 26
23 0
22 3
20 36
20 31
18 14
19 33
22 1
21 23
22 0
20 12
21 20
21 10
20 6
21 5
21 3
18 2
18 27
21 0
20 21
19 36
18 20
20 8
17 16
20 8
20 18
19 3
21 0
19 2
20 15
20 0
19 35
19 33
19 33
19 23
17 17
18 14
19 17
19 12
17 10
18 8
18 7
16 5
19 4
17 1
11 16
16 27
18 38
17 0
18 28
18 36
18 31
16 34
16 25
18 32
17 12
16 22
18 18
18 7
16 34
17 17
18 18
17 11
18 4
18 4
15 33
18 0
17 31
15 16
15 12
14 9
16 8
16 4
15 1
14 31
15 19
14 27
15 12
15 1
16 0
14 30
17 7
14 25
14 16
15 20
15 3
15 35
14 8
16 36
16 30
12 3
14 18
13 33
14 25
13 10
16 28
12 35
11 17
12 13
15 2
13 2
15 0
14 23
12 0
14 37
13 20
13 13
13 29
12 4
12 17
13 1
13 27
3 3
4 2
6 2
6 6
7 5
8 6
10 5
9 7
12 9
13 11
14 6
15 11
15 13
16 11
16 14
18 11
18 16
20 15
19 16
22 17
21 14
23 13
23 17
21 19
21 19
23 20
21 14
21 23
21 23
22 25
20 26
21 13
21 28
20 28
20 27
20 33
20 17
22 29
22 35
23 36
22 10
22 8
20 33
21 34
21 5
21 35
20 36
21 28
22 2
23 13
3 3
1 1
4 3
6 6
7 5
10 6
9 4
12 5
12 7
13 7
15 8
15 7
16 10
17 12
17 13
15 12
18 15
18 16
20 17
22 17
20 17
21 17
22 18
21 21
19 21
21 17
21 22
23 22
19 25
21 26
22 25
21 26
23 27
20 28
22 14
22 28
23 25
23 31
21 28
21 33
20 29
22 34
20 35
20 39
17 31
22 29
20 12
23 36
21 39
22 10
21 7
22 5
23 33
23 4
20 35
20 7
21 4
20 2
20 5
19 8
19 4
20 28
20 2
19 20
23 2
20 0
20 27
19 36
19 31
19 14
21 9
21 5
19 34
21 0
18 20
18 29
19 18
19 13
18 0
19 33
17 36
19 14
20 0
18 18
19 29
17 20
18 27
17 7
17 24
18 33
19 24
18 4
18 12
18 32
16 24
19 10
17 34
17 37
17 15
17 5
17 2
16 31
17 0
18 32
15 24
16 21
16 17
17 29
17 20
15 6
15 17
16 15
14 34
17 1
16 0
13 32
13 18
17 10
16 25
14 0
15 13
12 13
15 0
14 23
17 38
15 39
15 31
13 25
13 16
15 26
15 5
15 21
13 34
14 10
14 16
15 15
15 0
13 36
13 24
13 17
13 15
14 4
13 1
14 32
14 14
14 0
13 36
12 0
11 21
10 19
11 25
11 15
13 13
13 12
13 3
12 6
13 10
10 22
12 3
11 20
11 37
12 36
12 15
11 24
3 3
3 3
3 6
5 7
7 10
7 11
7 12
10 13
10 13
12 12
13 13
15 14
16 14
17 15
17 18
16 17
18 20
19 23
20 19
22 25
20 28
21 27
21 15
20 16
23 26
21 29
23 27
22 23
23 29
20 31
23 33
20 31
22 34
23 32
23 21
20 36
23 18
20 12
21 11
21 36
20 33
20 34
20 31
21 12
21 31
23 25
21 6
21 6
20 30
20 7
22 4
22 22
21 9
21 7
20 4
20 25
21 3
21 1
19 24
21 0
22 21
21 12
20 26
21 26
20 5
22 18
20 34
18 27
21 0
20 2
23 0
20 13
19 11
21 21
19 10
20 4
20 2
19 0
17 35
17 15
18 33
16 24
20 8
19 38
20 0
17 23
18 35
17 29
18 19
19 31
19 17
17 12
19 38
17 7
18 18
17 6
16 1
17 22
19 3
19 3
19 1
19 0
16 30
15 21
17 0
16 33
18 26
18 21
16 3
17 9
17 27
17 21
16 0
16 4
15 24
16 21
15 18
13 36
15 19
17 14
16 10
14 8
16 13
13 2
16 2
15 0
14 32
15 33
16 34
16 28
15 16
14 30
15 2
16 0
14 28
15 27
13 22
13 21
15 18
12 19
13 16
13 13
15 12
14 11
15 8
13 4
15 3
13 35
13 32
15 0
13 29
12 24
13 20
12 9
12 0
11 16
14 27
13 5
13 1
11 14
12 0
10 35
14 12
13 33
13 7
63 66
69 63
69 60
71 73
78 63
76 61
78 70
81 70
86 67
88 71
82 70
86 73
92 64
84 63
80 70
88 73
86 74
85 71
92 75
86 73
86 69
84 65
95 70
89 63
86 74
89 77
87 64
95 84
81 76
93 84
85 86
86 76
85 82
82 79
81 72
93 76
90 87
86 65
93 90
86 75
95 80
95 77
99 76
82 92
89 92
82 80
94 82
80 74
95 86
89 63
81 62
88 93
99 93
95 79
92 94
83 88
81 84
87 90
91 86
88 63
86 90
94 93
82 68
98 89
92 84
94 93
92 55
82 89
95 53
92 70
88 89
94 47
91 87
93 49
94 83
88 82
85 48
94 76
98 59
91 62
84 83
87 83
87 80
93 93
88 45
87 90
92 41
99 72
98 90
82 61
88 94
87 90
83 40
89 87
96 64
99 78
99 75
81 79
82 93
91 54
90 55
93 47
81 68
94 26
98 95
83 28
83 22
95 33
86 58
94 53
93 38
86 18
94 88
84 31
86 20
98 58
81 44
91 25
91 37
85 96
83 23
93 17
88 84
85 98
98 68
81 87
95 15
92 48
96 9
94 89
91 58
98 54
87 53
95 7
91 28
96 94
95 54
94 59
86 74
89 88
91 48
84 86
93 0
89 63
92 0
98 39
96 51
96 13
89 44
92 34
84 30
86 13
99 60
87 55
91 94
99 51
98 15
94 2
93 76
82 92
93 50
91 50
85 96
99 44
98 63
81 93
99 45
90 24
87 54
84 94
89 42
81 34
97 43
85 95
92 2
90 88
88 1
78 19
94 50
95 30
87 89
91 0
87 12
88 58
85 60
87 93
96 36
92 53
91 27
91 89
85 14
87 39
94 88
84 86
89 63
99 29
98 29
89 7
96 5
91 10
86 15
95 16
86 17
98 8
88 81
88 27
90 26
92 47
89 12
83 51
90 24
85 90
96 9
89 0
81 44
83 16
87 3
93 70
85 97
88 0
87 12
87 61
84 36
76 30
84 42
86 0
97 22
80 18
81 30
87 34
85 64
91 1
91 9
82 93
87 23
87 97
89 46
81 14
90 1
91 28
92 0
86 71
88 41
89 68
87 48
86 10
96 65
89 30
87 30
88 21
97 21
79 3
80 24
90 20
89 6
79 2
87 10
87 0
83 49
97 34
86 63
83 0
81 60
90 67
78 2
87 29
99 7
83 41
91 82
87 38
86 77
94 10
97 33
99 5
75 17
84 53
82 81
97 12
81 82
89 91
86 85
86 34
98 11
97 39
78 9
82 56
85 40
82 83
90 90
85 56
83 95
82 5
86 27
81 11
76 2
81 78
84 85
84 12
83 15
78 35
93 77
80 6
98 1
85 45
83 46
85 72
79 0
92 81
81 26
84 64
82 58
78 24
81 73
84 22
77 4
84 1
81 21
84 64
72 15
82 82
84 30
81 80
77 27
81 56
76 48
77 17
83 87
83 25
74 78
89 69
92 70
78 6
85 85
85 36
83 9
81 92
82 74
78 61
79 29
79 44
77 15
78 84
71 66
74 35
89 65
78 56
80 43
77 24
74 4
80 38
76 49
81 7
74 56
74 43
79 23
93 22
70 40
83 97
79 7
74 82
85 10
70 86
72 61
84 0
78 42
70 78
94 1
77 26
73 52
79 28
87 17
79 77
76 84
76 87
75 10
91 22
96 41
82 0
76 15
81 4
79 5
85 52
80 3
78 43
71 72
73 23
84 54
77 2
70 79
77 90
85 72
74 60
77 0
65 67
77 50
76 43
80 89
87 67
68 26
85 0
73 16
91 69
71 25
72 11
95 73
77 46
76 17
78 42
71 75
76 11
72 83
74 34
85 6
75 56
78 32
78 4
77 0
77 56
79 89
75 89
78 93
71 59
75 84
73 18
86 1
73 18
74 77
80 57
71 49
88 60
84 97
76 53
76 3
72 96
75 72
78 4
74 59
92 88
52 71
77 32
69 11
93 43
73 6
76 69
74 88
92 73
70 17
64 68
73 12
73 87
73 1
73 22
70 11
71 40
69 1
73 36
76 27
78 6
80 59
71 97
75 73
74 85
86 88
72 87
85 89
82 61
75 78
71 65
77 72
64 59
81 43
75 92
64 45
81 0
74 11
84 48
71 31
76 65
75 39
76 25
83 25
77 11
61 23
67 51
75 72
62 19
69 15
69 85
64 1
68 84
74 14
78 70
76 46
64 69
77 5
73 73
74 81
71 60
72 61
67 0
64 5
66 80
70 35
89 2
86 8
60 93
75 80
70 85
74 33
69 24
66 3
90 67
75 46
66 80
65 55
70 41
74 55
72 74
72 68
76 37
61 9
73 13
75 41
66 94
61 80
71 48
71 81
69 0
67 83
20 5
71 60
62 77
70 52
67 11
71 45
73 76
73 36
84 38
63 0
70 68
64 41
95 0
70 86
68 60
69 28
89 53
66 48
71 3
74 4
71 0
69 4
89 50
69 70
89 23
69 31
73 18
73 40
63 10
62 80
68 75
87 43
86 26
67 56
66 47
62 75
72 94
64 20
59 41
71 83
73 60
68 39
72 1
73 37
72 2
69 2
64 72
68 80
87 72
72 37
58 83
71 66
69 57
66 7
58 14
66 56
80 66
78 58
71 36
65 22
69 26
66 64
68 58
61 0
74 14
71 98
59 24
60 20
66 68
53 72
83 5
62 11
84 35
59 51
70 49
67 36
60 21
64 16
81 30
70 1
65 27
63 92
70 25
67 74
69 77
66 25
84 32
63 62
58 62
71 22
65 35
63 8
68 32
68 1
65 1
67 76
69 73
63 65
83 24
56 60
66 62
66 57
66 55
73 8
83 86
68 97
65 43
65 16
70 88
69 78
63 16
67 48
69 28
61 41
67 47
83 61
76 33
68 0
68 31
58 11
67 5
68 6
69 13
66 78
68 89
83 18
68 21
67 57
65 30
82 89
69 34
65 3
64 83
81 0
69 56
79 56
63 27
67 3
68 90
62 72
67 55
66 81
61 90
68 31
61 22
66 1
66 61
63 47
66 31
66 79
52 30
55 23
81 49
60 64
79 38
63 68
70 85
65 34
61 34
62 17
66 7
62 3
57 61
66 15
81 97
56 82
65 3
64 26
65 92
63 84
65 64
60 56
66 39
62 39
69 45
65 51
64 51
62 35
62 21
58 78
64 67
65 62
65 22
62 3
62 87
66 0
54 75
58 24
75 35
68 24
58 64
80 24
63 43
59 40
62 68
53 52
64 20
80 94
63 13
65 76
61 0
73 79
75 58
79 44
63 77
59 67
61 17
63 64
65 9
61 9
58 48
64 55
55 35
57 24
76 22
57 89
63 34
61 15
76 91
56 91
67 74
59 67
59 5
65 1
62 57
61 85
52 83
59 1
64 0
60 69
50 29
61 87
55 25
57 22
72 88
58 15
58 65
55 95
61 57
47 2
60 81
60 45
55 49
59 34
60 80
50 11
70 76
76 72
58 33
50 61
58 15
74 30
55 73
61 83
70 25
52 32
58 0
61 60
67 10
75 0
56 30
60 21
60 47
53 71
61 2
55 58
61 52
59 42
62 28
59 12
45 43
73 82
57 41
60 38
59 35
60 17
57 56
60 81
49 38
66 31
58 21
61 4
50 13
62 4
61 7
71 53
50 79
57 62
58 90
70 84
59 13
59 53
44 71
48 35
61 27
52 55
53 94
58 0
47 4
61 0
55 38
63 2
56 68
51 33
51 7
51 89
59 45
50 0
54 76
60 19
55 93
42 39
58 16
57 15
54 48
70 84
60 65
57 4
56 63
56 66
58 24
49 20
56 93
57 23
55 9
58 90
53 81
60 40
58 0
58 44
29 43
56 71
70 78
47 73
53 14
53 59
49 44
44 84
48 38
53 1
51 37
50 90
54 28
50 0
53 90
54 18
55 78
53 53
56 39
56 27
51 71
49 59
47 9
56 7
55 13
49 32
55 0
53 57
55 4
50 90
70 50
42 76
64 12
52 37
57 62
49 62
56 53
55 69
63 65
68 0
54 67
55 25
44 54
67 89
58 1
63 87
51 81
55 25
40 37
54 13
64 69
56 3
49 49
61 34
49 49
53 4
44 4
56 43
67 35
59 48
51 80
47 55
49 50
48 8
58 13
61 24
54 64
54 71
52 50
41 7
54 15
67 20
54 34
54 69
53 0
52 70
45 27
54 1
48 48
53 57
49 36
52 24
54 43
54 92
54 29
53 87
54 2
55 98
53 17
53 88
54 66
47 56
51 82
52 65
48 43
53 94
45 17
49 51
48 32
51 63
58 62
52 32
52 50
52 31
50 34
43 0
49 86
44 76
51 0
50 58
63 64
54 22
49 19
52 30
51 68
66 2
53 81
50 31
35 12
38 7
65 79
45 0
65 58
49 36
46 8
49 21
51 41
52 97
37 64
52 28
50 80
37 81
38 1
43 74
47 70
52 72
49 88
53 24
43 42
50 60
47 47
49 27
48 34
45 25
44 7
60 14
52 33
49 15
48 43
49 39
46 12
41 54
46 96
40 80
49 18
49 28
39 9
50 35
44 90
34 5
49 61
48 45
43 29
46 19
47 81
50 12
50 15
64 10
48 1
47 28
44 0
36 0
41 17
48 36
47 87
44 79
39 72
46 65
52 5
47 71
43 80
65 7
47 80
50 86
50 80
44 61
48 70
37 56
37 0
50 50
46 44
49 49
42 28
38 1
49 26
46 15
34 42
54 80
49 17
47 52
46 75
43 0
48 52
49 12
38 83
46 68
45 64
48 43
46 47
43 23
49 3
40 21
50 1
48 3
45 16
52 67
45 24
43 12
44 81
35 78
48 66
41 85
48 72
32 55
60 43
41 61
40 46
47 31
43 10
36 42
48 28
48 14
32 94
48 19
39 60
47 52
61 83
43 44
40 39
45 13
43 4
45 68
46 76
46 53
42 50
45 33
42 22
36 63
44 46
52 68
45 6
39 96
44 56
38 81
44 30
45 26
29 43
30 79
44 18
23 92
59 60
44 16
49 8
34 8
38 86
45 16
43 78
44 1
59 10
39 4
44 67
32 74
46 57
45 16
33 44
39 46
45 36
60 5
34 76
44 28
40 2
42 32
37 70
55 76
38 0
34 39
34 6
29 80
57 46
42 1
34 84
42 83
31 55
43 51
41 69
42 65
39 64
35 50
46 38
32 50
37 16
41 84
43 53
43 38
57 41
44 22
45 20
44 16
42 0
40 73
41 69
51 22
40 46
48 96
50 82
37 27
38 79
33 57
57 84
46 38
42 41
40 40
38 38
34 38
43 34
34 22
56 30
55 66
40 25
40 31
29 14
41 8
40 1
27 4
40 85
32 8
28 47
43 3
38 0
37 5
55 27
38 85
39 64
35 86
41 66
39 61
40 51
39 35
42 24
38 22
50 9
40 75
36 51
33 21
54 62
53 51
40 29
38 87
42 12
36 83
35 31
40 80
54 21
29 74
40 57
40 3
42 91
26 44
39 0
32 4
41 78
28 34
42 24
38 18
41 17
25 45
28 55
38 1
36 0
29 77
33 17
33 88
52 74
39 69
37 51
38 63
29 93
26 11
41 3
34 58
33 1
41 63
29 45
32 47
37 35
53 81
23 68
38 75
36 35
36 35
31 44
39 22
38 15
30 31
39 14
30 28
31 0
35 96
28 88
38 19
41 42
32 92
31 9
30 76
33 70
29 30
36 82
35 2
21 66
33 3
25 57
28 57
34 49
36 95
33 32
30 43
29 76
53 44
37 96
33 15
25 76
24 63
27 34
53 24
25 19
32 30
32 12
33 56
35 76
31 61
29 40
32 57
27 48
31 51
36 25
42 70
21 89
51 33
51 17
36 9
29 49
34 0
49 82
35 45
49 0
35 34
39 82
30 13
33 77
35 21
35 18
33 34
33 21
36 3
34 3
36 0
24 1
41 30
30 82
37 51
30 63
36 0
33 8
35 93
27 70
35 84
32 29
44 7
37 43
26 76
32 47
23 80
35 1
42 98
37 2
32 78
35 58
32 62
26 64
31 60
34 47
28 59
41 72
25 43
33 46
47 38
26 35
24 20
47 9
26 72
32 19
31 57
30 15
20 77
20 48
45 77
31 0
31 11
22 0
36 98
22 77
31 19
26 97
32 1
27 22
27 84
30 57
35 87
32 64
23 75
31 28
34 68
25 49
32 46
28 61
31 54
24 8
30 24
45 60
33 33
20 51
42 83
25 19
32 92
29 77
31 70
33 52
25 15
19 0
24 60
18 8
28 32
25 55
31 20
42 63
29 44
19 70
22 24
26 12
25 4
29 38
24 91
37 76
30 39
39 83
20 67
30 48
30 80
25 92
30 21
31 1
29 75
25 69
27 1
28 64
21 98
23 54
25 33
33 83
23 52
26 0
30 49
34 62
17 87
17 7
29 76
24 73
30 29
20 19
22 44
25 43
28 39
24 80
25 67
30 35
23 31
27 18
29 73
20 16
30 80
25 41
30 5
22 88
25 49
14 80
25 56
39 13
23 0
30 9
29 54
26 47
28 24
22 14
39 74
24 47
37 54
27 0
40 26
18 9
21 69
17 27
39 75
39 74
17 3
27 16
29 26
30 2
23 5
19 89
15 30
36 9
28 74
25 90
27 83
12 83
23 51
22 59
15 23
21 45
39 57
26 19
25 0
18 79
23 40
34 22
26 55
26 24
28 60
21 75
27 5
20 13
39 12
27 94
21 82
38 56
25 29
27 70
25 62
23 13
19 85
24 78
22 61
25 10
25 51
34 16
15 40
37 79
21 0
23 55
25 49
25 2
16 35
33 22
18 77
23 98
26 94
11 57
35 94
23 54
24 45
20 41
23 18
28 95
16 86
35 35
24 56
33 27
35 16
29 74
27 16
21 29
23 74
19 80
26 1
25 68
13 91
23 44
22 21
20 16
24 10
21 38
26 75
19 26
31 50
13 21
20 25
23 79
20 34
18 51
21 5
12 86
2 0
4 3
4 0
7 2
6 3
6 3
9 1
10 4
10 6
11 4
12 2
12 7
14 7
17 8
17 11
18 11
21 11
21 13
22 16
23 15
23 17
22 21
23 24
23 26
22 30
20 10
20 27
23 33
20 31
20 32
20 28
22 34
23 34
20 6
23 36
22 37
21 34
20 39
20 4
21 33
23 24
20 24
22 37
20 20
20 20
21 32
22 27
21 4
21 19
21 2
21 19
23 9
22 17
20 0
19 3
22 17
20 37
21 31
20 14
20 30
19 28
19 14
18 33
21 3
18 35
21 1
18 38
19 32
17 26
18 22
20 21
19 18
20 13
20 12
18 9
18 7
19 6
20 8
18 3
18 1
16 21
19 25
16 25
19 27
19 20
16 19
18 17
17 16
17 12
18 12
17 0
18 10
19 0
15 35
18 32
17 25
15 14
16 29
16 20
16 15
17 13
16 7
18 9
18 5
18 3
16 36
16 34
16 31
14 1
15 12
15 5
15 36
17 25
17 4
16 29
15 18
15 29
15 8
16 0
16 37
16 26
16 27
15 21
14 15
14 11
16 16
16 8
15 35
14 1
13 34
14 32
15 29
15 26
14 22
15 0
12 30
14 28
15 22
15 22
15 19
14 15
14 14
12 11
13 5
14 18
15 4
13 4
14 1
14 36
12 25
14 0
12 33
12 34
14 27
14 15
8 7
10 7
10 30
13 12
11 10
12 16
13 17
14 6
11 3
11 1
12 0
10 38
3 3
2 3
5 3
5 4
6 5
6 6
8 6
9 9
11 10
14 12
16 12
16 14
16 16
18 17
20 16
22 18
23 19
21 20
19 22
20 21
22 20
19 23
22 16
20 23
20 23
22 24
21 26
22 29
21 31
23 29
20 30
21 29
23 32
20 22
23 30
22 34
23 34
19 27
21 35
22 36
22 35
22 38
20 35
21 26
22 11
20 10
22 10
22 6
21 25
19 35
23 38
20 9
21 5
20 30
23 2
22 16
22 5
21 20
22 4
20 4
21 3
19 33
20 1
22 4
20 12
22 0
21 11
21 24
20 11
20 7
19 0
19 6
19 8
20 2
20 39
20 30
19 5
20 0
19 25
19 33
22 1
20 17
19 15
17 36
18 32
17 22
17 7
21 4
18 8
20 1
19 33
19 18
19 21
18 15
17 37
18 10
18 5
18 0
17 0
16 36
17 34
17 32
17 29
17 27
17 27
16 23
16 5
18 18
17 16
16 10
18 2
18 18
17 14
17 28
16 35
17 2
16 33
15 26
16 36
14 5
14 20
16 2
14 1
15 33
15 32
16 16
16 14
14 21
16 30
16 23
13 36
14 34
14 9
13 15
13 16
13 13
14 26
12 20
13 10
13 31
16 0
13 3
14 0
14 4
12 1
13 36
11 34
10 30
13 16
15 27
13 26
15 25
11 4
14 0
11 33
14 36
14 22
10 33
11 3
12 13
11 0
13 21
12 34
14 9
9 30
11 24
11 28
14 13
12 27
13 15
13 9
12 22
12 15
8 2
8 2
8 4
8 5
9 4
9 6
9 6
10 7
11 6
12 7
13 9
13 9
13 11
13 13
13 14
13 7
13 16
13 15
13 14
14 12
13 11
13 6
14 10
13 9
13 8
14 6
13 5
14 4
14 3
13 4
14 1
13 3
13 1
14 0
12 2
12 8
13 0
12 9
12 11
12 16
12 5
12 15
11 4
11 2
12 1
12 0
11 16
11 15
11 14
10 8
11 9
10 4
11 10
11 6
11 2
11 1
9 6
10 3
11 0
10 8
10 14
9 14
10 2
9 0
9 15
8 12
9 3
7 11
7 13
9 1
9 11
8 14
8 10
9 0
7 1
8 0
7 14
7 11
7 4
7 10
8 2
9 0
9 4
9 5
10 6
11 6
11 8
11 10
11 11
12 9
13 11
13 12
13 11
14 12
13 13
13 13
14 14
13 8
14 8
14 6
13 14
13 5
14 4
13 8
13 3
14 2
13 7
14 1
13 6
13 5
12 2
13 0
13 1
12 15
13 0
12 15
10 5
12 9
11 7
12 4
12 4
12 1
11 4
10 2
10 1
12 0
11 1
11 0
11 15
11 15
10 15
11 13
10 14
9 14
9 7
10 9
8 14
9 10
10 1
9 0
9 8
7 13
7 0
8 13
8 2
10 0
6 0
8 0
8 2
8 3
9 5
9 6
10 6
10 7
11 7
11 8
12 8
13 10
13 11
13 13
13 10
13 10
14 14
13 14
12 15
13 16
14 8
13 8
12 12
12 5
14 7
12 4
14 6
14 5
13 4
13 4
14 3
14 2
13 1
12 2
13 2
11 14
11 1
10 3
14 0
12 10
12 5
10 15
10 13
13 0
12 0
10 0
11 5
11 0
10 12
9 11
10 5
8 1
9 0
7 0
10 0
6 0
5 0
9 15
9 14
9 13
9 12
9 11
8 2
8 4
8 5
9 6
9 7
10 7
10 9
11 9
12 9
13 9
14 10
14 10
14 11
13 13
13 12
13 12
13 14
13 7
14 15
13 16
13 15
12 12
13 9
12 5
14 6
14 5
14 3
14 1
13 5
13 1
13 3
13 3
13 0
11 9
12 13
13 0
14 0
12 7
12 7
11 3
12 3
12 2
12 16
11 6
11 14
12 0
10 3
11 10
11 2
11 1
10 0
10 6
10 5
9 3
9 2
10 15
10 16
10 2
10 13
9 1
7 0
9 15
8 13
9 12
9 0
8 11
7 13
8 16
7 11
7 9
8 0
6 14
7 9
6 7
7 0
7 4
6 13
6 10
6 0
8 2
8 3
8 5
9 5
9 6
9 8
10 9
11 9
12 8
12 10
12 11
13 11
13 12
13 13
13 14
14 13
13 12
13 14
14 11
13 15
14 10
13 9
13 9
14 7
13 6
14 7
14 6
12 16
13 5
14 4
14 2
13 4
13 3
12 2
12 1
11 3
13 0
14 1
11 14
12 8
12 7
12 5
12 0
11 11
11 13
10 13
11 9
11 7
11 5
11 3
11 1
10 0
10 15
10 6
10 9
10 5
10 4
10 2
9 16
8 15
9 14
9 12
9 12
8 0
9 8
9 3
9 3
8 15
8 13
8 13
8 12
8 8
8 8
8 5
7 15
7 15
7 14
7 12
7 9
7 8
7 11
7 6
7 5
7 4
7 2
7 0
8 1
9 3
9 2
10 4
10 6
11 7
11 7
12 6
12 7
13 6
13 8
13 9
13 8
13 7
12 5
13 4
14 8
13 9
13 10
13 11
13 13
13 14
13 14
13 16
11 4
13 3
14 13
13 3
13 3
12 2
14 1
13 0
14 0
13 0
12 1
12 16
12 15
11 1
12 0
10 2
9 6
11 6
11 0
10 8
9 1
9 5
9 4
8 0
11 16
10 15
10 13
11 12
10 11
11 11
10 14
10 11
8 3
10 0
8 2
8 3
8 4
9 5
10 5
10 6
11 6
10 5
11 3
11 2
11 7
12 6
12 8
13 7
13 9
13 10
13 9
14 10
14 10
13 12
9 6
13 13
13 14
13 12
14 7
13 11
13 7
13 4
13 4
14 14
13 15
13 2
14 4
14 1
13 1
12 16
12 14
12 9
12 0
11 4
14 0
12 2
12 0
11 2
11 16
10 14
11 1
10 15
11 14
10 13
11 11
11 0
10 15
10 12
10 11
10 7
9 10
10 6
8 11
10 4
10 2
10 2
10 1
10 0
9 12
9 16
9 15
8 1
9 5
8 0
9 6
8 10
9 0
8 16
8 15
7 14
8 13
8 10
7 9
7 14
8 2
8 3
9 4
10 4
10 5
10 7
10 9
11 9
12 9
12 11
12 12
12 12
13 13
13 14
13 16
14 14
13 12
14 14
12 15
13 11
13 9
13 11
13 9
13 9
12 16
14 8
13 8
12 8
14 7
13 7
12 6
11 16
11 15
14 5
13 5
13 3
13 3
12 2
14 2
14 1
13 1
12 4
14 0
13 0
12 4
12 0
11 11
12 0
11 11
11 10
10 8
11 7
11 6
11 4
11 3
11 2
10 0
10 14
11 0
10 14
10 8
9 10
10 2
9 14
9 14
9 11
9 10
8 9
9 8
9 7
9 6
9 5
8 2
9 1
9 0
8 4
8 16
8 5
8 6
7 14
8 14
8 7
8 10
8 9
7 14
7 1
7 14
6 13
8 0
7 0
6 15
6 13
8 1
9 3
9 4
9 5
10 6
11 5
12 6
13 8
14 8
13 8
13 10
14 10
14 11
14 13
11 7
13 14
14 13
14 15
14 7
14 6
13 14
13 13
14 5
14 3
14 1
13 11
13 1
13 11
14 0
13 7
12 5
13 4
13 3
12 1
13 1
13 0
12 16
12 15
12 11
11 10
12 9
12 4
12 3
12 0
11 7
11 5
11 3
11 2
11 15
11 0
11 0
10 6
10 15
10 15
10 13
10 8
9 1
10 4
10 2
9 5
9 7
10 0
8 2
8 4
9 0
7 5
9 15
9 16
5 9
9 13
9 13
8 12
8 13
8 12
7 14
8 0
8 8
7 15
7 14
8 1
9 1
9 3
9 4
9 6
9 6
9 8
9 9
9 11
9 13
9 14
10 14
9 13
10 11
10 10
10 8
11 9
12 10
13 10
14 12
14 13
13 14
13 15
13 10
14 8
13 13
13 12
13 7
14 5
13 9
13 6
13 4
14 3
13 2
13 2
12 1
14 0
12 15
12 8
12 7
12 6
12 0
12 4
12 3
11 16
11 14
10 12
11 8
10 12
11 7
11 6
11 5
11 3
10 1
11 0
10 5
10 0
9 4
8 14
8 0
10 2
8 15
8 13
8 12
8 10
7 10
8 9
8 8
7 7
8 6
8 4
7 3
8 0
7 16
7 14
7 13
7 12
7 10
7 8
7 6
6 5
7 2
7 0
6 16
6 15
6 14
6 13
6 12
6 11
5 9
6 8
6 8
5 6
6 5
6 3
6 3
5 2
5 1
6 0
5 9
4 10
5 12
5 16
5 15
5 14
5 6
4 5
5 3
5 3
5 1
3 11
5 0
4 13
4 13
4 15
4 8
4 8
4 7
4 4
4 3
4 2
3 1
3 14
4 0
3 13
3 10
3 9
3 8
3 7
3 6
3 6
3 5
3 3
3 2
3 0
2 16
2 15
2 14
2 12
1 10
1 8
2 7
2 5
2 3
2 2
2 1
1 11
2 0
1 13
1 15
0 15
1 8
0 8
0 6
1 6
1 4
8 2
8 4
8 5
8 5
8 7
9 8
10 6
10 5
11 7
11 6
12 8
12 9
13 8
13 10
13 10
13 10
14 12
13 12
13 13
14 13
14 9
14 14
13 13
13 16
13 7
13 6
13 6
14 4
13 6
14 3
13 3
14 2
13 5
14 1
13 1
13 0
12 16
14 0
13 0
12 14
11 9
12 10
11 4
12 3
12 2
12 1
10 2
11 0
11 8
11 2
11 16
11 15
11 14
10 1
10 0
9 6
9 4
8 2
9 0
7 1
7 0
7 2
10 16
10 15
10 14
10 12
9 12
9 16
9 15
9 14
8 15
8 14
8 14
8 13
8 11
7 15
7 11
7 15
7 14
7 11
6 3
8 2
9 0
10 2
11 3
12 3
12 3
13 4
13 6
6 5
13 7
13 8
14 6
13 10
13 12
13 11
13 12
13 8
14 12
14 14
14 15
14 6
14 4
13 2
13 16
14 2
12 0
13 15
14 0
13 14
11 5
12 6
12 7
12 9
11 10
12 10
11 0
11 11
11 9
11 8
11 8
11 6
9 3
9 4
10 6
10 6
10 0
9 0
8 2
8 3
8 0
8 2
8 3
9 3
9 4
10 4
10 3
11 5
12 6
13 6
13 7
13 6
14 7
13 4
13 3
13 8
13 8
14 8
13 10
13 3
14 10
14 11
13 12
14 13
13 15
14 2
14 0
13 12
13 0
13 11
13 2
13 0
12 5
11 6
11 8
12 8
12 16
11 14
11 9
12 3
12 4
12 3
11 1
12 1
10 7
12 0
9 4
11 10
10 15
9 14
11 0
10 10
10 14
10 13
10 8
10 1
9 7
9 14
9 12
10 0
9 7
9 10
8 7
9 5
9 2
9 0
8 5
8 4
8 14
7 14
8 13
8 1
8 12
7 15
7 0
7 13
7 10
7 10
8 2
8 3
9 3
9 4
9 5
9 6
9 7
9 7
9 1
10 8
10 10
10 11
10 12
9 11
10 13
10 15
11 14
12 15
13 15
13 13
13 15
13 14
13 12
13 16
14 10
14 9
14 8
13 11
13 11
14 8
13 9
13 8
13 7
13 5
14 6
14 5
14 4
9 13
14 3
9 14
14 2
8 11
9 10
13 4
14 1
9 9
13 0
8 13
8 13
8 8
8 15
8 8
8 7
7 5
8 5
6 7
8 3
6 6
7 15
6 14
8 0
7 14
7 13
7 12
7 11
7 10
7 4
7 4
7 3
6 14
5 15
6 12
6 10
6 5
5 10
6 3
6 3
5 15
4 13
5 13
5 12
4 8
5 8
5 6
8 2
9 3
10 2
10 4
11 4
11 4
11 6
11 8
12 8
12 10
12 12
13 10
14 11
13 12
13 14
13 11
14 14
14 9
13 7
13 14
13 5
13 10
13 15
13 9
13 6
13 4
13 4
12 16
13 3
12 15
12 7
13 1
13 1
12 6
14 0
12 0
12 4
12 3
10 8
12 2
12 1
11 14
12 0
12 0
11 1
10 9
11 0
10 9
10 15
10 13
9 4
10 8
10 13
8 1
10 1
10 6
7 3
10 0
9 4
9 0
9 16
9 14
9 13
6 2
7 0
8 0
7 0
8 1
8 4
8 6
8 6
9 8
9 9
10 10
11 10
11 8
12 10
13 10
13 10
13 12
13 14
13 13
14 13
14 15
14 12
14 10
13 14
12 6
14 9
13 9
13 16
13 8
14 6
13 4
13 4
13 3
14 3
12 15
12 13
12 12
13 2
13 1
13 1
11 5
14 0
12 4
13 0
12 11
12 3
12 0
11 8
11 7
11 15
10 15
10 3
11 2
11 1
10 14
10 13
9 6
11 0
9 4
10 2
10 11
10 11
10 0
10 0
9 15
9 14
9 14
8 1
7 1
9 1
9 0
7 2
8 15
8 15
6 4
8 0
7 5
6 6
7 0
6 4
6 3
8 2
8 2
8 4
8 6
9 6
10 5
10 5
10 7
11 7
12 7
8 7
14 0
14 13
14 14
14 7
13 14
13 14
13 6
13 12
14 4
13 12
13 11
13 3
14 2
13 9
13 6
13 1
12 1
11 7
12 16
12 15
14 0
13 0
12 9
12 5
12 3
11 1
12 0
11 7
10 5
11 3
11 9
9 3
11 16
10 15
11 13
11 0
10 15
10 13
10 15
9 2
10 1
9 14
9 0
9 16
9 6
8 13
8 0
9 5
8 16
7 15
8 7
8 0
8 11
8 10
8 1
8 3
9 2
10 3
10 5
10 2
11 3
11 3
12 4
13 4
14 6
13 6
14 7
13 8
13 8
13 9
13 9
13 9
14 9
14 9
14 11
13 11
14 13
14 14
13 15
13 3
13 15
12 4
13 14
14 2
13 2
12 0
14 0
14 0
13 0
11 0
9 1
12 0
10 6
8 2
9 3
10 3
11 4
11 5
12 6
12 7
13 7
13 8
13 9
14 8
13 10
13 10
14 11
14 12
13 13
13 14
14 7
13 6
12 14
13 4
14 2
14 15
13 0
14 0
13 10
13 3
13 1
13 0
12 7
12 8
11 9
12 11
11 2
12 4
12 1
12 0
11 14
11 15
10 14
11 11
11 10
10 6
10 0
11 8
11 8
11 0
10 16
9 13
9 5
8 14
10 2
8 13
9 12
9 11
9 7
8 10
7 15
9 6
9 6
9 1
9 0
8 13
8 12
7 2
7 10
8 5
8 1
7 14
8 0
7 13
6 11
7 10
7 4
6 9
7 8
7 2
6 14
7 0
7 0
6 11
8 2
8 3
9 3
9 5
9 6
10 5
10 7
11 6
11 6
12 6
12 8
13 8
13 8
13 9
13 11
13 11
13 8
13 11
14 12
13 13
13 8
13 14
14 14
13 7
14 6
14 5
13 5
13 4
13 6
14 3
14 1
13 3
13 1
13 1
12 5
14 0
12 3
13 0
12 16
12 14
12 2
12 1
12 0
11 14
10 13
11 12
11 11
11 10
11 5
11 4
11 2
11 1
10 1
10 0
9 14
9 4
10 13
10 15
9 12
10 11
10 9
10 3
10 2
10 0
9 11
9 16
9 10
8 0
9 2
8 15
8 14
8 13
7 11
8 11
8 10
8 9
8 3
8 6
8 1
8 3
9 4
9 4
9 6
9 6
9 8
10 8
10 6
10 10
11 10
12 10
12 8
12 7
12 11
13 11
13 12
13 9
13 12
12 9
14 12
14 14
13 13
13 14
14 9
13 7
14 15
14 5
13 4
13 2
12 7
14 0
12 1
13 6
11 5
13 0
12 5
11 4
11 0
11 9
11 8
10 2
11 6
8 8
12 16
11 14
12 14
11 2
11 13
10 0
11 0
10 5
9 1
7 6
10 0
10 16
10 15
10 14
9 9
9 16
9 15
9 14
9 0
8 15
8 12
8 16
8 14
8 10
7 1
7 7
7 5
8 9
8 0
7 3
7 3
7 15
7 13
6 14
6 11
7 1
7 0
6 13
6 7
6 7
8 2
9 2
10 2
11 2
12 1
13 3
13 3
13 5
14 5
14 5
13 7
13 6
13 7
13 8
14 9
13 10
13 9
13 11
14 11
13 2
13 1
11 3
12 12
14 12
14 13
13 12
12 10
13 14
12 9
14 14
14 0
13 14
11 7
11 4
12 0
10 8
13 0
11 7
11 9
10 10
9 6
12 16
12 14
11 0
10 4
11 3
11 15
10 14
10 15
10 14
10 0
9 4
9 9
10 3
8 8
9 9
8 1
8 0
7 8
9 15
8 14
9 14
9 14
8 7
8 5
7 13
8 13
8 12
8 11
8 4
7 3
8 1
7 14
7 14
6 6
7 3
5 12
6 1
6 11
6 13
6 14
6 2
7 0
6 4
6 7
6 1
8 1
9 1
11 2
12 3
13 3
13 2
12 3
13 4
13 5
13 5
12 6
12 5
12 2
14 6
13 8
13 7
13 0
13 8
14 7
13 9
14 10
13 12
13 11
13 13
11 6
13 15
12 10
14 1
13 0
14 0
11 9
11 8
10 7
12 11
12 0
10 5
10 0
10 4
12 0
9 7
10 8
9 9
12 16
12 15
9 6
10 5
9 5
8 0
11 16
10 14
10 16
11 13
10 14
10 14
10 12
10 11
9 16
9 15
9 13
9 12
9 4
9 2
8 1
8 15
8 13
8 12
8 2
9 1
10 2
11 2
11 3
11 2
12 7
13 7
14 9
13 10
14 9
14 10
14 12
13 14
13 16
14 6
13 4
13 13
14 2
13 0
13 12
13 4
13 1
12 11
13 0
12 11
11 7
12 10
12 9
11 1
12 6
7 2
12 16
12 4
11 9
12 15
11 14
11 13
9 2
9 3
12 0
9 0
10 4
10 6
11 0
10 8
10 16
10 15
10 14
9 12
9 4
9 5
9 6
9 14
8 14
9 13
9 12
9 7
8 16
8 13
7 12
8 8
7 11
8 5
6 12
8 8
6 1
8 1
7 13
7 14
8 0
6 0
7 3
5 14
8 2
8 2
9 3
9 4
10 5
11 5
12 5
13 5
10 4
14 5
14 5
13 7
14 7
13 8
14 8
13 8
13 10
13 6
13 11
14 12
13 13
14 14
13 15
13 14
12 15
14 4
13 4
14 2
14 0
13 2
13 1
13 0
12 15
12 4
11 6
10 8
11 9
12 10
12 4
12 2
12 1
11 5
12 0
11 2
11 1
10 1
11 0
11 15
10 15
11 13
10 16
10 15
9 14
10 8
10 10
9 7
9 1
10 6
8 14
8 15
10 3
8 13
8 11
9 12
8 9
10 0
8 8
9 0
8 4
7 3
8 1
8 0
7 4
6 5
7 2
6 0
7 16
7 15
7 13
7 11
7 10
6 16
6 15
6 14
8 2
8 1
9 2
10 3
11 4
11 5
11 5
12 7
13 8
14 8
13 9
14 8
13 10
13 9
13 7
12 10
14 11
13 12
12 9
13 13
13 15
13 14
14 5
13 16
7 9
12 14
14 4
13 6
7 4
13 4
13 2
13 2
14 1
13 1
12 5
12 3
12 0
13 0
11 3
11 1
12 0
11 16
11 15
11 13
11 13
9 3
11 0
11 12
10 8
10 7
10 1
10 0
9 5
9 6
10 16
10 15
10 14
10 12
10 12
9 8
9 15
9 15
9 14
9 13
9 11
8 4
9 0
8 6
9 9
8 8
7 4
8 0
7 4
8 2
9 2
10 3
11 2
12 2
12 4
12 4
12 6
12 7
13 7
13 9
13 10
13 12
13 13
13 13
14 14
13 15
14 9
13 15
14 8
13 12
13 6
12 15
14 5
13 5
12 3
14 4
14 4
14 3
12 0
12 10
14 2
13 0
12 14
12 9
11 8
12 1
12 0
10 6
11 9
10 1
11 16
11 15
9 4
11 4
10 4
11 0
9 0
8 0
10 15
10 13
10 8
8 2
8 3
8 4
8 6
8 6
9 8
10 7
10 10
11 10
12 9
12 9
12 7
12 6
13 8
14 9
13 10
14 11
14 12
13 13
13 5
13 12
14 12
13 13
14 14
13 14
13 10
14 3
14 2
13 1
14 1
13 16
13 0
12 3
13 9
13 1
12 1
12 5
11 9
12 0
11 9
12 15
11 15
11 6
11 14
10 14
11 13
11 5
11 4
11 3
11 2
11 1
10 0
9 15
9 5
11 0
10 14
10 13
9 4
8 14
8 3
9 2
9 13
9 2
9 1
7 13
9 0
8 14
8 13
7 1
8 10
8 9
7 8
8 0
6 2
7 16
7 15
7 13
7 12
7 11
7 5
7 4
7 1
6 15
6 16
6 12
6 12
6 10
8 2
8 2
9 2
9 2
9 1
9 1
9 2
9 2
9 2
9 2
9 0
9 2
9 2
9 2
9 2
9 2
9 2
9 2
9 2
9 2
9 2
8 2
9 2
9 1
9 2
9 2
9 2
9 1
9 2
9 2
9 2
8 2
8 2
9 2
9 2
9 1
9 1
9 2
9 2
9 2
9 2
9 0
9 2
9 2
9 2
9 2
9 2
9 2
9 2
9 2
9 2
9 2
8 2
9 2
9 1
9 2
9 2
9 2
9 1
9 2
9 2
9 2
8 2
8 2
9 2
9 2
9 1
9 1
9 2
9 2
9 2
9 2
9 0
9 2
9 2
9 2
9 2
9 2
9 2
9 2
9 2
9 2
9 2
8 2
9 2
9 1
9 2
9 2
9 2
9 1
9 2
9 2
9 2
8 2
8 2
9 2
9 2
9 1
9 1
9 2
9 2
9 2
9 2
9 0
9 2
9 2
9 2
9 2
9 2
9 2
9 2
9 2
9 2
9 2
8 2
9 2
9 1
9 2
9 2
9 2
9 1
9 2
9 2
9 2
8 2
8 2
8 2
8 2
8 2
8 2
8 2
8 2
8 2
8 2
8 2
8 2
8 2
8 2
8 2
8 2
8 2
8 2
8 2
8 2
8 2
8 2
8 2
8 2
8 2
8 2
8 2
8 2
8 2
8 2
8 2
8 2
8 2
8 2
8 2
8 2
8 2
8 2
8 2
8 2
8 2
8 2
8 2
8 2
8 2
8 2
8 2
8 2
8 2
8 2
8 2
8 2
8 2
8 2
8 2
8 2
8 2
8 2
8 2
8 2
8 2
8 2
8 2
8 2
8 2
8 2
8 2
8 2
8 2
8 2
8 2
8 2
8 2
8 2
8 2
8 2
8 2
8 2
8 2
8 2
8 2
8 2
8 2
8 2
8 2
8 2
8 2
8 2
8 2
8 2
8 2
8 2
8 2
8 2
8 2
8 2
8 2
8 2
8 2
8 2
8 2
8 2
8 2
8 2
8 2
8 2
8 2
8 2
8 2
8 2
8 2
8 2
8 2
8 2
8 2
8 2
8 2
8 2
8 2
8 2
8 2
8 2
8 2
8 2
8 2
8 2
8 2
8 2
8 2
8 2
8 2
8 2
8 2
8 2
8 2
8 2
8 2
8 2
8 2
8 2
8 2
8 2
8 2
8 2
8 2
8 2
8 2
8 2
8 2
8 2
8 2
8 2
8 2
8 2
8 2
8 2
8 2
8 2
8 2
8 2
8 2
8 2
8 2
8 2
8 2
8 2
8 2
8 2
8 2
8 2
8 2
8 2
8 2
8 2
8 2
8 2
8 2
8 2
8 2
8 2
8 2
8 2
8 2
8 2
8 2
8 2
8 2
8 2
8 2
8 2
8 2
8 2
8 2
8 2
8 2
8 2
8 2
8 2
8 2
8 2
8 2
8 2
8 2
8 2
8 2
8 2
8 2
8 2
8 2
8 2
8 2
8 2
8 2
8 2
8 2
8 2
8 2
8 2
8 2
8 2
8 2
8 2
8 2
8 2
8 2
8 2
8 2
8 2
8 2
8 2
8 2
8 2
8 2
8 2
8 2
8 2
8 2
8 2
8 2
8 2
8 2
8 2
8 2
8 2
8 2
8 2
8 2
8 2
8 2
8 2
8 2
8 2
8 2
8 2
8 2
8 2
8 2
8 2
8 2
8 2
8 2
8 2
8 2
8 2
8 2
8 2
8 2
8 2
8 2
8 2
8 2
8 2
8 2
8 2
8 2
8 2
8 2
8 2
8 2
8 2
8 2
8 2
8 2
8 2
8 2
8 2
8 2
8 2
8 2
8 2
8 2
8 2
8 2
8 2
8 2
8 2
8 2
8 2
8 2
8 2
8 2
8 2
8 2
8 2
8 2
8 2
8 2
8 2
8 2
8 2
8 2
8 2
8 2
8 2
8 2
8 2
8 2
8 2
8 2
8 2
8 2
8 2
8 2
8 2
8 2
8 2
8 2
8 2
8 2
8 2
8 2
8 2
8 2
8 2
8 2
8 2
8 2
8 2
8 2
8 2
8 2
8 2
8 2
8 2
8 2
8 2
8 2
8 2
8 2
8 2
8 2
8 2
8 2
8 2
8 2
8 2
8 2
8 2
8 2
8 2
8 2
8 2
8 8 2
8 2
8 2
8 2
8 2
8 2
8 2
8 2
8 2
8 2
8 2
8 2
8 2
8 2
8 2
8 2
8 2
8 2
8 2
8 2
8 2
8 2
8 2
8 2
8 2
8 2
8 2
8 2
8 2
8 2
8 2
8 2
8 2
8 2
8 2
8 2
8 2
8 2
8 2
8 2
8 2
8 2
8 2
8 2
8 2
8 2
8 2
8 2
8 2
8 2
8 2
8 2
8 2
8 2
8 2
8 2
8 2
8 2
8 2
8 2
8 2
8 2
8 2
8 2
8 2
8 2
8 2
8 2
8 2
8 2
8 2
8 2
8 2
8 2
8 2
8 2
8 2
8 2
8 2
8 2
8 2
8 2
8 2
8 2
8 2
8 2
8 2
8 2
8 2
8 2
8 2
8 2
8 2
8 2
8 2
8 2
8 2
8 2
8 2
8 2
8 2
8 2
8 2
8 2
8 2
8 2
8 2
8 2
8 2
8 2
8 2
8 2
8 2
8 2
8 2
8 2
8 2
8 2
8 2
8 2
8 2
8 2
8 2
8 2
8 2
8 2
8 2
8 2
8 2
8 2
8 2
8 2
8 2
8 2
8 2
8 2
8 2
8 2
8 2
8 2
8 2
8 2
8 2
8 2
8 2
8 2
8 2
8 2
8 2
8 2
8 2
8 2
8 2
8 2
8 2
8 2
8 2
8 2
8 2
8 2
8 2
8 2
8 2
8 2
8 2
8 2
8 2
8 2
8 2
8 2
8 2
8 2
8 2
8 2
8 2
8 2
8 2
8 2
8 2
8 2
8 2
8 2
8 2
8 2
8 2
8 2
8 2
8 2
8 2
8 2
8 2
8 2
8 2
8 2
8 2
8 2
8 2
8 2
8 2
8 2
8 2
8 2
8 2
8 2
8 2
8 2
8 2
8 2
8 2
8 2
8 2
8 2
8 2
8 2
8 2
8 2
8 2
8 2
8 2
8 2
8 2
8 2
8 2
8 2
8 2
8 2
8 2
8 2
8 2
8 2
8 2
8 2
8 2
8 2
8 2
8 2
8 2
8 2
8 2
8 2
8 2
8 2
8 2
8 2
8 2
8 2
8 2
8 2
8 2
8 2
8 2
8 2
8 2
8 2
8 2
8 2
8 2
8 2
8 2
8 2
8 2
8 2
8 2
8 2
8 2
8 2
8 2
8 2
8 2
8 2
8 2
8 2
8 2
8 2
8 2
8 2
8 2
8 2
8 2
8 2
8 2
8 2
8 2
8 2
8 2
8 2
8 2
8 2
8 2
8 2
8 2
8 2
8 2
8 2
8 2
8 2
8 2
8 2
8 2
8 2
8 2
8 2
8 2
8 2
8 2
8 2
8 2
8 2
8 2
8 2
8 2
8 2
8 2
8 2
8 2
8 2
8 2
8 2
8 2
8 2
8 2
8 2
8 2
8 2
8 2
8 2
8 2
8 2
8 2
8 2
8 2
8 2
8 2
8 2
8 2
8 2
8 2
8 2
8 2
8 2
8 2
8 2
8 2
8 2
8 2
8 2
8 2
8 2
8 2
8 2
8 2
8 2
8 2
8 2
8 2
8 2
8 2
8 2
8 2
8 2
8 2
8 2
8 2
8 2
8 2
8 2
8 2
8 2
8 2
8 2
8 2
8 2
8 2
8 2
8 2
8 2
8 2
8 2
8 2
8 2
8 2
8 2
8 2
8 2
8 2
8 2
8 2
8 2
8 2
8 2
8 2
8 2
8 2
8 28 2
8 2
8 2
8 2
8 2
8 2
8 2
8 2
8 2
8 2
8 2
8 2
8 2
8 2
8 2
8 2
8 2
8 2
8 2
8 2
8 2
8 2
8 2
8 2
8 2
8 2
8 2
8 2
8 2
8 2
8 2
8 2
8 2
8 2
8 2
8 2
8 2
8 2
8 2
8 2
8 2
8 2
8 2
8 2
8 2
8 2
8 2
8 2
8 2
8 2
8 2
8 2
8 2
8 2
8 2
8 2
8 2
8 2
8 2
8 2
8 2
8 2
8 2
8 2
8 2
8 2
8 2
8 2
8 2
8 2
8 2
8 2
8 2
8 2
8 2
8 2
8 2
8 2
8 2
8 2
8 2
8 2
8 2
8 2
8 2
8 2
8 2
8 2
8 2
8 2
8 2
8 2
8 2
8 2
8 2
8 2
8 2
8 2
8 2
8 2
8 2
8 2
8 2
8 2
8 2
8 2
8 2
8 2
8 2
8 2
8 2
8 2
8 2
8 2
8 2
8 2
8 2
8 2
8 2
8 2
8 2
8 2
8 2
8 2
8 2
8 2
8 2
8 2
8 2
8 2
8 2
8 2
8 2
8 2
8 2
8 2
8 2
8 2
8 2
8 2
8 2
8 2
8 2
8 2
8 2
8 2
8 2
8 2
8 2
8 2
8 2
8 2
8 2
8 2
8 2
8 2
8 2
8 2
8 2
8 2
8 2
8 2
8 2
8 2
8 2
8 2
8 2
8 2
8 2
8 2
8 2
8 2
8 2
8 2
8 2
8 2
8 2
8 2
8 2
8 2
8 2
8 2
8 2
8 2
8 2
8 2
8 2
8 2
8 2
8 2
8 2
8 2
8 2
8 2
8 2
8 2
8 2
8 2
8 2
8 2
8 2
8 2
8 2
8 2
8 2
8 2
8 2
8 2
8 2
8 2
8 2
8 2
8 2
8 2
8 2
8 2
8 2
8 2
8 2
8 2
8 2
8 2
8 2
8 2
8 2
8 2
8 2
8 2
8 2
8 2
8 2
8 2
8 2
8 2
8 2
8 2
8 2
8 2
8 2
8 2
8 2
8 2
8 2
8 2
8 2
8 2
8 2
8 2
8 2
8 2
8 2
8 2
8 2
8 2
8 2
8 2
8 2
8 2
8 2
8 2
8 2
8 2
8 2
8 2
8 2
8 2
8 2
8 2
8 2
8 2
8 2
8 2
8 2
8 2
8 2
8 2
8 2
8 2
8 2
8 2
8 2
8 2
8 2
8 2
8 2
8 2
8 2
8 2
8 2
88 2
8 2
8 2
8 2
8 2
8 2
8 2
8 2
8 2
8 2
8 2
8 2
8 2
8 2
8 2
8 2
8 2
8 2
8 2
8 2
8 2
8 2
8 2
8 2
8 2
8 2
8 2
8 2
8 2
8 2
8 2
8 2
8 2
8 2
8 2
8 2
8 2
8 2
8 2
8 2
8 2
8 2
8 2
8 2
8 2
8 2
8 2
8 2
8 2
8 2
8 2
8 2
8 2
8 2
8 2
8 2
8 2
8 2
8 2
8 2
8 2
8 2
8 2
8 2
8 2
8 2
8 2
8 2
8 2
8 2
8 2
8 2
8 2
8 2
8 2
8 2
8 2
8 2
8 2
8 2
8 2
8 2
8 2
8 2
8 2
8 2
8 2
8 2
8 2
8 2
8 2
8 2
8 2
8 2
8 2
8 2
8 2
8 2
8 2
8 2
8 2
8 2
8 2
8 2
8 2
8 2
8 2
8 2
8 2
8 2
8 2
8 2
8 2
8 2
8 2
8 2
8 2
8 2
8 2
8 2
8 2
8 2
8 2
8 2
8 2
8 2
8 2
8 2
8 2
8 2
8 2
8 2
8 2
8 2
8 2
8 2
8 2
8 2
8 2
8 2
8 2
8 2
8 2
8 2
8 2
8 2
8 2
8 2
8 2
8 2
8 2
8 2
8 2
8 2
8 2
8 2
8 2
8 2
8 2
8 2
8 2
8 2
8 2
8 2
8 2
8 2
8 2
8 2
8 2
8 2
8 2
8 2
8 2
8 2
8 2
8 2
8 2
8 2
8 2
8 2
8 2
8 2
8 2
8 2
8 2
8 2
8 2
8 2
8 2
8 2
8 2
8 2
8 2
8 2
8 2
8 2
8 2
8 2
8 2
8 2
8 2
8 2
8 2
8 2
8 2
8 2
8 2
8 2
8 2
8 2
8 2
8 2
8 2
8 2
8 2
8 2
8 2
8 2
8 2
8 2
8 2
8 2
8 2
8 2
8 2
8 2
8 2
8 2
8 2
8 2
8 2
8 2
8 2
8 2
8 2
8 2
8 2
8 2
8 2
8 2
8 2
8 2
8 2
8 2
8 2
8 2
8 2
8 2
8 2
8 2
8 2
8 2
8 2
8 2
8 2
8 2
8 2
8 2
8 2
8 2
8 2
8 2
8 2
8 2
8 2
8 2
8 2
8 2
8 2
8 2
8 2
8 2
8 2
8 2
8 2
8 2
8 2
8 2
8 2
8 2
8 2
8 2
8 2
8 2
8 2
8 2
8 2
8 2
8 2
8 2
8 2
8 2
8 2
8 2
8 2
8 2
8 2
8 2
8 2
8 2
8 2
8 2
8 2
8 2
8 2
8 2
8 2
8 2
8 2
8 2
8 2
8 2
8 2
8 2
8 2
8 2
8 2
8 2
8 2
8 2
8 2
8 2
8 2
8 2
8 2
8 2
8 2
8 2
8 2
8 2
8 2
8 2
8 2
8 2
8 2
8 2
8 2
8 2
8 2
8 2
8 2
8 2
8 2
8 2
8 2
8 2
8 2
8 2
8 2
8 2
8 2
8 2
8 2
8 2
8 2
8 2
8 2
8 2
8 2
8 2
8 2
8 2
8 2
8 2
8 2
8 2
8 2
8 2
8 2
8 2
8 2
8 2
8 2
8 2
8 2
8 2
8 2
8 2
8 2
8 2
8 2
8 2
8 2
8 2
8 2
8 2
8 2
8 2
8 2
8 2
8 2
8 2
8 2
8 2
8 2
8 2
8 2
8 2
8 2
8 2
8 2
8 2
8 2
8 2
8 2
8 2
8 2
8 2
8 2
8 2
8 2
8 2
8 2
8 2
8 2
8 2
8 2
8 2
8 2
8 2
8 2
8 2
8 2
8 2
8 2
8 2
8 2
8 2
8 2
8 2
8 2
8 2
8 2
8 2
8 2
8 2
8 2
8 2
8 2
8 2
8 2
8 2
8 2
8 2
8 2
8 2
8 2
8 2
8 2
8 2
8 2
8 2
8 2
8 2
8 2
8 2
8 2
8 2
8 2
8 2
8 2
8 2
8 2
8 2
8 2
8 2
8 2
8 2
8 2
8 2
8 2
8 2
8 2
8 2
8 2
8 2
8 2
8 2
8 2
8 2
8 2
8 2
8 2
8 2
8 2
8 2
8 2
8 2
8 2
8 2
8 2
8 2
8 2
8 2
8 2
8 2
8 2
8 2
8 2
8 2
8 2
8 2
8 2
8 2
8 2
8 2
8 2
8 2
8 2
8 2
8 2
8 2
8 2
8 2
8 2
8 2
8 2
8 2
8 2
8 2
8 2
8 2
8 2
8 2
8 2
8 2
8 2
8 2
8 2
8 2
8 2
8 2
8 2
8 2
8 2
8 2
8 2
8 2
8 2
8 2
8 2
8 2
8 2
8 2
8 2
8 2
8 2
8 2
8 2
8 2
8 2
8 2
8 2
8 2
8 2
8 2
8 2
8 2
8 2
8 2
8 2
8 2
8 2
8 2
8 2
8 2
8 2
8 2
8 2
8 2
8 2
8 2
8 2
8 2
8 2
8 2
8 2
8 2
8 2
8 2
8 2
8 2
8 2
8 2
8 2
8 2
8 2
8 2
8 2
8 2
8 2
8 2
8 2
8 2
8 2
8 2
8 2
8 2
8 2
8 2
8 2
8 2
8 2
8 2
8 2
8 2
8 2
8 2
8 2
8 2
8 2
8 2
8 2
8 2
8 2
8 2
8 2
8 2
8 2
8 2
8 2
8 2
8 2
8 2
8 2
8 2
8 2
8 2
8 2
8 2
8 2
8 2
8 2
8 2
8 2
8 2
8 2
8 2
8 2
8 2
8 2
8 2
8 2
8 2
8 2
8 2
8 2
8 2
8 2
8 2
8 2
8 2
8 2
8 2
8 2
8 2
8 2
8 2
8 2
8 2
8 2
8 2
8 2
8 2
8 2
8 2
8 2
8 2
8 2
8 2
8 2
8 2
8 2
8 2
8 2
8 2
8 2
8 2
8 2
8 2
8 2
8 2
8 2
8 2
8 2
8 2
8 2
8 2
8 2
8 2
8 2
8 2
8 2
8 2
8 2
8 2
8 2
8 2
8 2
8 2
8 2
8 2
8 2
8 2
8 2
8 2
8 2
8 2
8 2
8 2
8 2
8 2
8 2
8 2
8 2
8 2
8 2
8 2
8 2
8 2
8 2
8 2
8 2
8 2
8 2
8 2
8 2
8 2
8 2
8 2
8 2
8 2
8 2
8 2
8 2
8 2
8 2
8 2
8 2
8 2
8 2
8 2
8 2
8 2
8 2
8 2
8 2
8 2
8 2
8 2
8 2
8 2
8 2
8 2
8 2
8 2
8 2
8 2
8 2
8 2
8 2
8 2
8 2
8 2
8 2
8 2
8 2
8 2
8 2
8 2
8 2
8 2
8 2
8 2
8 2
8 2
8 2
8 2
8 2
8 2
8 2
8 2
8 2
8 2
8 2
8 2
8 2
8 2
8 2
8 2
8 2
8 2
8 2
8 2
8 2
8 2
8 2
8 2
8 2
8 2
8 2
8 2
8 2
8 2
8 2
8 2
8 2
8 2
8 2
8 2
8 2
8 2
8 2
8 2
8 2
8 2
8 2
8 2
8 2
8 8 2
8 2
8 2
8 2
8 2
8 2
8 2
8 2
8 2
8 2
8 2
8 2
8 2
8 2
8 2
8 2
8 2
8 2
8 2
8 2
8 2
8 2
8 2
8 2
